21.56333367
22.37666633
23.676666
25.053333
24.89333333
24.22666667
23.66666667
24.51333367
24.64
25.603333
25.24666567
25.76666633
26.116667
26.65666733
26.35000067
25.82666733
24.85000067
24.57666733
24.51666733
24.50666767
24.25000067
23.91666733
23.94666667
23.94333333
23.396666
21.83999933
20.84666633
21.09000033
22.48333367
23.07000033
23.37333367
23.26333367
23.31333367
22.74666667
22.19333367
21.74333333
21.756667
21.30666667
20.56
19.79666633
19.713333
20.03666633
20.47333267
20.25666633
19.836666
18.69333333
18.24000033
18.32333367
19.15
20.633333
21.09999967
20.92999967
20.353333
20.12333333
19.74666633
19.31999967
20.343333
21.00333367
21.77000067
21.226667
21.66666667
21.756666
21.91666667
20.57333333
19.74
19.42666633
20.30999933
21.26666633
21.836666
22.81999967
23.31666633
23.06333367
22.24000067
20.93666733
21.10000067
20.65333367
20.046667
19.09
18.51999967
18.13666667
17.58
17.806667
18.25999967
18.573333
19.01333267
19.51333267
19.81333267
19.11333267
18.15666633
17.39333333
17.06333333
17.25333333
17.24666633
17.57333367
17.40000033
17.92333367
17.836667
17.853334
17.30000067
17.61666667
18.14999933
18.25999933
17.756666
17.293333
16.933333
16.84
16.773333
17.12666633
16.893333
17.003333
16.27999967
16.06999967
15.07333333
16.45000033
17.04666667
17.57000033
16.45
16.156667
15.89333333
15.98
15.956667
16.54000033
16.59000033
16.77333333
16.66333333
16.75333333
16.88666633
16.943333
16.96666633
16.83333333
17.43666667
18.03999967
17.69666633
19.28999967
20.366667
21.88666733
20.74666733
20.523334
20.846667
21.13000067
21.30333333
21.06
23.603333
28.36
32.46666667
32.31
28.46999967
26.13666633
25.293333
25.22333333
24.40999967
24.883333
26
27.05
27.63
28.636666
31.97333333
33.65
33.34333333
30.89333333
28.70999967
28.79666633
29.056666
29.78999967
29.33333333
29.43000033
29.146667
29.42000033
28.81666633
28.61333333
28.61
29.33666667
29.81333267
29.64333267
28.74999933
28.453333
28.86
29.75333333
29.803333
29.18666633
28.55666667
28.65666733
28.61333333
28.15000033
27.74666667
27.56333367
27.75333333
27.80000033
28.86666667
29.98000033
31.96
32.37000067
32.52
31.676667
31.486667
30.80666733
29.61000067
28.24333367
27.566667
27.706667
28.29666733
29.35666733
30.443334
30.936667
30.70000067
30.27000033
30.10666733
30.04333367
29.663334
29.943334
30.25666767
29.54000033
27.78333333
25.713333
24.35666633
23.34666633
22.26666633
21.62000033
20.79333367
20.71000033
20.72
21.61
22.20000033
22.86
23.24333333
23.00999967
22.786667
22.16000067
21.75333433
21.86333433
22.05000067
22.93000033
23.30666667
22.87000033
22.69333333
22.72666667
23.91666633
23.936667
23.68000033
23.10666667
22.95666633
23.27333333
23.62333367
24.34
24.67999933
25.41333233
26.01666633
26.97666667
27.24666733
28.023334
28.84000033
30.87666633
31.66999933
32.42
33.38666733
34.99666733
35.18666733
32.27000067
28.68000033
25.72333333
24.873333
24.38333333
23.89333367
22.993334
22.70333367
22.80666667
22.53
21.816667
21.10666733
21.27000067
21.45333367
22
22.57999967
23.21999967
23.17999933
22.73333267
21.89333333
21.53333367
20.636667
20.29666667
20.55666667
20.96000033
21.35000033
21.55000067
21.41666667
21.5
20.95666633
21.24
21.106667
20.84666733
20.62000033
20.683333
20.80333233
20.91333233
20.16999933
18.59666633
16.61666667
15.31
15.21
15.60000033
15.98000067
16.33666767
16.463334
16.70333367
16.51999967
16.53999933
16.579999
16.94999933
17.233333
17.476667
17.67333367
17.75
17.683333
18.38666667
19.086667
19.03000033
18.47333367
17.396667
16.92333367
15.93
15.85
15.80333333
16.24000033
16.49333367
16.84
16.963333
17.04666633
17.56333333
17.92666667
18.09333333
17.84333333
17.51
17.56
17.53999967
17.72
17.47
17.49666733
17.456667
17.73333367
18.013333
17.873333
17.41999933
16.993333
16.603333
16.44333333
16.11333367
15.83333367
15.67000033
15.6
15.86333333
15.95
16.27333367
16.32333367
16.48000033
16.5
16.77
17.12666633
17.25666633
17.50333267
17.343333
16.89666633
16.15666667
15.873333
16.36
16.77666667
16.90000033
17.18000033
17.546667
18.036667
17.90000033
18.46666667
18.68666633
18.60666567
18.579999
18.48333267
19.37
19.466667
19.74666733
18.78
18.29000033
17.82000033
17.853334
17.596667
16.92666667
16.26333333
16.05666667
16.32666667
16.63
16.24333333
15.86666667
15.62
15.53
15.44
15.37333333
15.30333333
15.55
15.57333333
15.67333333
15.69333333
15.66333333
15.56333333
15.14666667
15.02666667
15.00333333
15.43
17.46333367
18.68666733
18.55666733
16.356667
14.87333333
14.60333333
14.89333333
15.19333333
15.19666667
14.86333333
15.28333333
16.07
17.01999967
17.083333
17.26666633
17.56999967
17.96999933
17.46333233
17.349999
17.30333267
17.793333
17.68666633
17.59999933
17.39999933
17.006666
16.5
16.03333333
15.69000033
15.77999967
15.83666633
15.65666633
15.49
15.886667
16.16000033
17.08333367
17.33999967
18.31
18.04999967
17.98
17.36999933
16.84333267
15.926666
15.79666633
15.68
16.28333333
16.35999967
16.48999967
16.143333
15.87666667
15.60666667
15.58333333
15.48666667
15.49666667
15.51333333
15.81
16.14333333
16.433333
16.30666633
15.95666633
15.43
14.78666667
14.29333333
13.98333333
16.36333333
17.806667
19.93333367
19.67333367
19.95000033
20.23666733
20.743334
20.97333333
20.51999967
19.96666633
20.09333333
20.046667
19.80666733
19.810001
19.590001
19.65666733
19.55666667
20.06666633
19.84666633
19.17666633
18.19333333
17.87333367
17.840001
17.95333367
17.79666667
17.40666667
16.64333367
15.906667
15.60333333
16.25666633
17.546666
18.62999967
19.00333333
18.88666667
18.97999967
18.96999933
18.96999933
18.70999967
18.47333333
17.82333367
17.46999967
17.346666
17.116666
16.793333
16.88666667
17.03
17.043333
16.483333
16.45666633
16.86
17.32000033
17.59333367
17.50333367
17.696667
17.85333333
18.12666633
18.323333
18.50666667
18.62
18.25666667
17.876667
17.50666767
17.28333433
17.566667
17.47
17.366666
16.91666667
16.90666633
16.78333333
16.706666
16.49999967
16.60999967
16.68999967
16.93999967
17.34333267
17.87333267
18.70333267
19.29999967
19.37
19.38333367
19.39666667
19.28666667
18.84333267
17.86666667
17.31333367
16.66666733
16.676667
16.69
16.62333333
16.41333367
16.26666733
16.16666733
16.09333367
16.05666667
16.21
16.573333
16.75333267
16.83333233
17.41666567
18.55999933
18.94999933
18.29666633
17.243333
16.60666667
16.04
15.32666667
15.31
15.77000033
16.14000033
16.106667
15.83333333
16.01
16.14666667
16.22666667
15.90666667
16.03000033
16.35333367
16.73000033
16.79666633
16.67
16.33333333
15.786667
15.5
15.34666667
15.45333333
15.16666667
14.97666667
14.33666667
13.93666667
13.70333333
13.75666667
14.19
14.21333333
14.22666667
13.87333333
14.02
14.28666667
14.45
14.19333333
14.22
14.5
15.27
15.926667
16.293334
15.953334
15.33333367
14.97666667
16.02
17.166667
17.53
17.05666667
15.833333
15.19666667
14.44333333
14.49
14.09333333
13.74333333
13.3
13.52333333
14.03
14.86
15.41
15.32
14.61
14.10333333
13.73666667
13.34333333
12.76333333
12.46333333
12.51
12.62
12.94333333
13.16666667
13.42333333
13.53333333
13.44
13.46333333
13.33
13.37
13.5
13.52666667
13.74333333
13.87666667
13.99666667
14.22666667
14.51333333
14.82666667
15.10333333
14.96
14.87
14.37
14.26666667
14.22333333
14.61333333
15.226667
15.606667
15.436667
14.59333333
13.76666667
13.46
13.37333333
13.23666667
13.00333333
12.86333333
13.17
13.33
13.31
12.91666667
12.79666667
13.03333333
13.78333333
14.22
14.25666667
13.83333333
13.69
13.72
13.71666667
14.02333333
14.47666667
14.98666667
14.81333333
15.18666633
16.12666667
18.03666667
19.25000067
20.326667
20.076667
20.26333333
19.75333333
19.3
18.60333333
17.81000033
17.51333367
17.14333333
17.06333333
16.93333367
16.443334
16.30666667
16.20666633
16.33999967
16.17
15.88666667
15.85666667
16.09666667
16.71666667
16.76000033
16.33000033
15.45000033
14.76666667
14.43
14.19666667
14.24333333
14.32333333
14.61333333
14.82666667
14.80666667
14.63
14.18333333
13.8
13.24333333
12.85333333
12.58
12.69666667
12.79666667
12.79
12.46333333
12.13333333
11.94666667
11.84666667
12.10333333
12.35333333
12.55666667
12.58333333
12.47
12.55
12.37666667
12.12666667
11.81666667
11.68666667
11.63666667
11.61
11.76666667
12.02666667
12.37
12.48666667
12.84333333
13.09333333
13.36
13.81333333
13.95333333
13.78333333
13.13666667
12.68666667
12.39666667
11.99333333
11.68333333
11.70666667
11.9
11.96666667
11.71333333
11.45666667
11.37666667
11.61333333
11.83333333
12.15666667
12.26333333
12.33333333
12.23333333
12.22
12.43666667
12.80333333
13.2
13.37666667
13.2
12.83333333
13.61
14.68
15.74
15.49333333
15.09333333
14.92
14.82
14.50666667
13.88
13.50666667
13.08333333
13.07333333
13.02
13.55
14.57999967
14.823333
14.76666633
14.11333333
14.61
14.88666667
14.97
14.59333333
14.40333333
13.97666667
13.68666667
13.30333333
13.04
12.51333333
12.24333333
12.30666667
12.35666667
12.46333333
12.59333333
13.35
13.88
14.28666667
14
13.57
12.8
12.15333333
11.79666667
11.47333333
11.33666667
11.43666667
11.76333333
12.03666667
12.24333333
12.71666667
13.76333333
14.18
14.1
13.28333333
12.78
12.70666667
12.48666667
12.47333333
12.58
12.87
13.31666667
13.36
13.54333333
13.89
14.23666667
14.42666667
14.23666667
14.20333333
14.15333333
14.26
14.19666667
14.21666667
13.67333333
13.34
13.15
13.41333333
13.54
13.56333333
13.29333333
13.49
13.89
14.25666667
14.00333333
13.32666667
12.78333333
12.34333333
12.06333333
11.84
11.92333333
12.05
12.04666667
11.98
11.98
11.84666667
11.53666667
11.21666667
11.22
11.35333333
11.36666667
12.23666667
12.75
13.05333333
12.03
11.29666667
10.89
10.88333333
10.8
10.78
11.00666667
11.15666667
11.49333333
11.57
11.66
11.44333333
11.32666667
11.34333333
11.32
11.45
11.48333333
11.56333333
11.55666667
11.74333333
12.02333333
12.25
12.34333333
12.25666667
12.25333333
12.21333333
12.19333333
11.93
11.70666667
11.58
11.59
11.8
11.85666667
12.01666667
12.01333333
12.05
11.93
11.83333333
11.69
11.73333333
11.50333333
11.97666667
12.43333333
12.93666667
12.53666667
12.17666667
12.33666667
12.67
13.07
13.15
13.78333333
15.09666633
15.21666633
14.803333
13.19333333
12.77333333
12.38333333
12.43666667
12.60333333
12.48333333
12.55666667
12.55
12.83333333
12.93
12.62
12.48
12.23666667
12.01666667
11.59666667
11.08333333
11.06666667
11.27
11.42
11.37666667
11.33333333
11.50333333
11.71333333
11.89
11.90666667
11.78333333
11.70666667
11.66
12.26
13.22666667
14.30333333
14.65333333
14.40666667
13.99
13.84666667
13.64333333
13.89
14.3
15.04666667
15.11
15.08333333
15.19333333
15.06666667
14.56
13.85
13.8
13.88333333
13.90333333
13.7
13.34333333
13.01333333
12.64666667
12.57
12.43333333
12.49666667
12.00333333
11.57
11.04666667
11.02
11.00333333
10.91
10.63666667
10.04666667
9.623333333
9.496666667
9.666666667
9.993333333
10.32333333
10.93666667
11.64
12.04666667
11.80666667
11.37333333
11.05666667
10.99
10.99666667
11.22666667
11.67333333
11.62666667
11.70333333
11.55333333
11.75666667
11.51666667
11.33666667
11.28333333
11.35666667
11.38333333
10.95
10.47
10.29
10.40666667
10.63
10.67
12.20333333
13.32
14.29
13.64
13.73333333
14
14.32666667
14.04666667
13.60333333
13.44
13.87333333
14.00333333
14.04333333
14.46333333
14.89
15.21
15.16666667
15.59333333
16.09000033
16.146667
15.54000033
15.49666667
14.96666667
15.72999967
15.27666633
16.01
15.42000033
15.30000033
14.01666667
13.53
13.47333333
13.68333333
13.34666667
13.04333333
13.13666667
14
15.02
16.66
18.51000033
20.97000067
20.816667
19.793333
17.496666
17.093333
16.836667
16.65000033
16.68333367
16.57
16.42333333
16.48999967
16.70999967
17.053333
16.29
15.62666667
14.71
14.33333333
14.19
14.02666667
14.13
13.89666667
14.07
14.22
14.64333333
15.26666667
15.47666667
15.63333333
15.4
15.18333333
14.89
14.43
13.76666667
12.98666667
12.55666667
12.87
13.00333333
12.88333333
12.55333333
12.47333333
12.67333333
12.74666667
12.82666667
12.54666667
12.65
12.75666667
13.13333333
13.19333333
13.07333333
12.60666667
12.07
11.68
11.44666667
11.68333333
12.49666667
13.65666667
14.22666667
14.28
14.953333
15.45666633
15.763333
14.99666667
14.81
14.58333333
14.75
14.66
14.54333333
13.99
13.7
13.49666667
13.21666667
12.48666667
11.78
11.45333333
11.45666667
11.59666667
11.66666667
11.52333333
11.44333333
11.44666667
11.68333333
11.87333333
11.69666667
11.44333333
11.19
11.26333333
11.6
11.95666667
12.31
12.43
12.28666667
12.19333333
11.71
11.76
11.51333333
11.66333333
11.66666667
12.14666667
12.50666667
12.4
11.98
11.78
11.92666667
12.01
11.74666667
11.67333333
11.68666667
11.74333333
11.65
11.63333333
11.78666667
12.26333333
12.99666667
13.63333333
13.62333333
12.91333333
12.59
12.58
13.43666667
14
14.27666667
14.30333333
14.32666667
14.40666667
13.98
13.78333333
13.83333333
14.56333333
15.46
16.00666667
16.27333333
15.69333333
15.29333333
14.39666667
14.26
14.32
14.24333333
14.32666667
14.22333333
14.82666667
15.23666667
15.67666667
16.28999967
16.336666
16.266666
15.833333
15.31
14.93
14.65333333
14.91333333
15.25333333
15.89
16.566667
16.80666667
16.69666667
16.23999967
16.30666667
16.39333333
16.61333333
16.3
16.04333333
15.82333333
16.013333
16.45666633
17.25999967
17.696667
17.56000033
16.806667
16.31
16.26333367
16.39666667
16.44666667
16.23333267
16.14333333
16.82666667
16.823334
16.55000033
15.326667
14.32333333
13.46
12.89666667
12.89333333
12.93
12.68333333
12.48333333
12.09666667
12.10333333
12.23333333
12.58
12.95666667
13.43666667
13.66
13.76
13.38666667
13.32
12.99333333
12.66666667
12.5
12.02666667
11.69
11.34333333
11.5
11.74
11.86
12.26666667
12.29333333
12.06333333
11.55
11.32
11.58666667
11.82333333
11.98333333
11.60666667
11.28
11.11
11.12333333
11.27
11.40666667
11.44333333
11.44
11.37333333
11.45333333
11.52
11.61333333
11.79
11.71666667
11.53
11.12666667
11.5
11.7
11.97
11.80666667
11.70666667
11.88
12.61333333
13.37
13.76666667
13.15333333
12.63
12.21
12.22333333
12.15666667
12.05666667
11.69666667
11.55666667
11.38666667
11.41666667
11.30333333
11.48333333
11.45
11.89
12.15333333
12.83333333
13.16333333
13.16333333
13.02666667
12.79666667
12.87333333
12.81666667
12.79
12.52
12.08333333
11.95
12.25666667
12.79333333
12.71666667
12.35
11.96
12.06333333
12.20333333
12.20666667
11.98666667
11.94
11.92333333
11.90333333
12.07
12.13
12.30666667
12.34333333
12.68333333
12.93666667
12.63333333
12.4
12.14
12.31333333
12.56333333
12.76666667
12.54
12.01333333
11.49666667
11.48
11.69666667
12.11666667
12.52333333
12.52666667
12.68
12.88
13.14333333
13.09666667
12.91
12.83
12.52
11.98666667
11.49666667
11.27
11.09
11.06333333
11.04
11.23
11.30666667
11.29333333
11.45333333
11.76333333
11.97
11.9
11.57
11.51333333
11.68333333
11.73
11.79666667
11.82666667
12.07
12.25
12.37333333
12.31666667
12.3
12.34
12.81
12.98333333
12.88
12.56666667
12.56333333
12.83333333
13.04333333
13.18
13.28333333
13.41
13.57
13.66666667
13.55
13.36333333
13.12333333
12.97
12.93666667
12.88333333
13.04666667
12.83
12.68
12.31
12.20333333
12.52666667
12.68333333
13.06333333
12.90333333
12.81333333
12.58333333
12.48666667
12.38666667
12.06666667
11.61333333
11.48666667
11.53
11.71666667
11.55333333
11.50666667
11.37666667
11.44
11.30333333
11.34333333
11.67333333
12.19666667
12.45333333
12.50666667
12.43666667
12.72666667
12.86
13.00666667
12.75333333
12.7
13.05
13.73
14.43666667
15.03333333
14.86
14.85666667
14.6
14.79666667
14.59333333
14.16
14.17666667
14.10666667
14.23333333
13.87666667
13.68666667
13.72666667
13.82666667
14.17
14.64333333
14.90333333
14.82666667
14.24
13.83333333
13.47666667
12.95333333
12.73
12.68333333
12.65
12.55666667
12.53
12.87666667
13.18333333
13.17666667
12.96666667
12.67
12.47666667
12.2
11.97333333
11.80666667
12.03666667
11.95666667
11.88333333
11.6
11.44666667
11.11666667
11.14
11.67
12.36333333
12.18666667
11.64
10.93666667
10.68333333
10.68666667
10.95666667
12.35333333
13.05
13.30333333
12.04333333
11.49333333
11.25666667
11.66
11.90666667
12.25
12.32
12.27
12.69
13.15333333
13.49
13.96666667
14.90666667
15.43333333
15.10666667
14.63666667
14.43666667
14.44333333
13.97333333
13.51
13.20666667
13.2
13.14666667
13.01333333
12.49333333
12.37666667
12.20333333
12.38
12.53333333
12.80333333
13.11333333
13.76
14.05333333
14.19666667
14.21
14.40333333
14.75333333
15.07333333
15.553333
15.69666633
16.09999933
15.54666633
15.27666633
14.60333333
15.23999967
15.92999933
16.57666567
16.79666633
16.82666633
16.81
16.49666633
16.443333
16.383333
17.91666667
18.86333367
19.73000033
18.873333
18.04999967
17.2
16.92666667
17.4
18.10666633
18.25
17.81666633
17.543333
17.56333267
17.84333267
17.94999933
18.30999933
18.313333
17.74333333
16.89333367
16.32000033
17.07666633
17.40666633
18.75333267
19.063333
19.08333267
17.953333
16.88666667
16.78333367
16.64333367
16.2
15.63666667
15.17
15.1
14.88
14.79333333
14.97333333
15.34333333
15.78333333
16.84000033
17.13000067
17.413334
16.83000067
16.52333367
16.546667
16.12666667
15.92
15.22333333
15.21666667
15.4
15.47666667
15.54666667
15.64333333
15.76666667
15.89
15.73666667
16.21
16.53666667
16.69666667
16.41333333
16.316667
16.37000033
16.36000067
16.35333367
16.326667
16.57333367
16.52000033
16.82000033
16.93333367
17.58666667
17.73999967
17.84999967
17.48333367
17.32000033
16.77
16.22666633
15.71333333
15.52333333
14.95
14.36666667
13.88333333
13.88333333
14.06
14.83
15.57333333
16
15.80666667
16.26999967
16.803333
18.33666667
19.10000033
19.81
19.083333
18.13666633
18.53333333
19.73999967
21.13333333
20.793333
19.426667
18.97666667
19.35666733
20.02666667
19.58333333
18.13666667
17.43666733
16.82666733
16.84333367
16.40333367
16.016667
15.79333367
15.91666667
15.98
15.94333333
15.41
15.18
14.93666667
14.84
14.32
14.13666667
14.42333333
14.89
15.19666667
15.47666633
16.10999967
17.23333267
18.03999933
19.206666
18.74999967
17.99000033
16.57000033
16.22333333
16.093333
15.743333
15.53333333
15.45666667
15.67666667
15.876667
15.846667
16.04666667
16.18666667
16.37666633
16.26000033
16.14333333
16.38666733
16.7
16.926667
16.86666667
16.116667
15.56
15.16333333
15.59333333
15.97666667
15.80666667
15.48666667
15.34333333
15.52
15.61333333
15.36333333
15.49
15.82
16.276667
16.58
16.876667
17.50666667
17.97000067
18.366667
18.29000067
18.16
18.01333367
17.86
17.55333333
17.276666
16.65333267
15.67666633
15.06
14.76333333
14.68
14.34666667
14.42333333
14.90333333
15.43
15.64666667
15.54333333
15.53333333
15.933333
16.61333267
17.02333233
17.34333267
17.91666633
18.18
18.24999967
18.29666633
18.23666633
18.14999967
18.43666633
19.33666667
20.406667
21.176667
21.28333333
20.72666667
19.65333333
19.01333333
19.04
19.01
18.92333333
18.79999967
19.07666633
19.853333
20.523333
20.396666
20.05333233
19.456666
19.82666633
20.16666667
20.25999967
20.12666633
19.57999967
19.50333333
19.426667
19.21333333
18.94666667
18.346666
17.833333
17.78999933
18.29666633
19.31999967
20.07666667
20.37666667
20.14666633
19.72333267
19.506666
19.493333
20.023333
20.21666633
20.03999967
19.90333333
19.83999967
20.033333
19.55999967
19.29666667
19.37000033
19.83000067
20.573334
20.85666667
20.59999967
20.123333
20.18666667
20.6
20.97333333
21.023333
20.87
20.33333333
20.196667
19.76333333
19.6
19.19
19.286667
19.55000067
19.736667
20.18333367
20.67333333
21.316667
21.40666633
20.88333333
20.323333
19.67
19.213333
19.36
20.31999967
21.15999967
21.426666
21.11
20.57333333
19.64333367
18.726667
18.50333333
18.67
19.10999967
19.28666667
19.03333333
18.32666633
18.19999933
18.366666
19.18666633
19.45666667
20.03333333
20.27666667
20.82
21.10666667
20.76666633
20.40333267
19.913333
19.14666667
19.17
19.49666633
20.773333
21.15
20.90333367
20.54000033
20.39
20.71666633
20.603333
20.85666667
20.98666667
20.77
20.006667
19.10333367
18.71000033
18.736667
18.90666733
19.22000067
19.163334
19.686667
20.016667
20.32
20.156667
19.80000067
19.586667
19.146667
19.11666667
18.80000033
18.87666667
19.18333333
19.73666667
20.13000033
20.24000033
20.25000067
20.49666733
20.71000067
21.14333367
21.35333333
21.513333
21.52333333
21.25
20.743334
19.506667
18.88333333
18.56999967
19.42999967
19.69333333
19.793333
19.51999967
19.213333
19.31333367
19.633334
20.72666767
22.11000067
22.52000033
22.193333
21.34333267
21.026666
21.20666633
21.56
21.74999967
21.62999967
21.72
21.903334
21.62333367
20.87666633
20.15333267
20.75999933
21.66666633
22.993333
23.68
23.79333367
24.02666733
23.97666767
23.82000033
22.7
22.51999967
23.22
24.22333333
24.52333333
24.36333333
24.5
24.51
24.60000033
24.74666733
24.91666733
24.84333333
24.65999967
24.19999933
24.30999933
24.83999933
25.26666633
25.63333333
24.89333333
24.53666667
23.78333333
23.44
22.76666667
22.27333333
22.23999967
22.53333267
22.61999933
22.483333
22.46666667
22.48666667
22.5
22.04333367
21.80666733
21.14666767
20.89000067
21.12333333
20.943333
20.773333
20
20.09999967
20.19
20.756667
20.98000033
20.646667
20.036667
20.793334
22.006667
25.76000033
28.50333333
32.03
34.39
35.68000033
35.126667
33.14000067
32.17000067
32.33000067
33.67333333
35.156667
36.42666733
36.95000067
36.95333333
36.04666633
33.95999967
32.263333
31.01999967
29.59999967
27.96666667
27.923333
28.46666667
29.23333367
28.443334
27.46333367
26.36666667
25.19666667
24.47333333
23.47
23.23666633
23.07666667
23.70999967
25.17999967
26.69999933
27.64
27.133334
26.603334
26.543334
27.566667
28.31
29.2
29.56333333
29.80000033
28.776667
26.81333333
25.06
23.93666633
23.93000033
24.48000033
25.03000033
25.58
26.59000033
27.57333367
27.29333367
25.64666667
24.12333367
22.95000033
22.25000033
21.94333367
22.446667
23.00333367
23.483333
23.18666633
22.766666
21.993333
21.726666
21.49333333
21.16666667
20.86
20.83666667
20.78333333
21.11666667
20.90666633
20.86333267
20.25666633
19.983333
20.11
20.08666667
20.09999967
19.513333
19.28999967
19.11333333
18.986667
18.86666667
18.59999967
18.78999967
18.926667
19.27000067
19.85000033
19.883333
20.09999967
19.59999967
19.51666633
18.85666633
18.616666
18.48999967
18.62666633
18.486667
18.236667
18.24666733
18.81000033
19.726667
21.01000033
21.95333333
22.93999967
23.646666
24.116666
24.08333333
23.19
22.39000033
22.08999967
22.64999967
23.09999967
22.78
22.48333333
21.96333367
21.75666667
21.51999967
21.236666
21.06999933
20.353333
19.91333333
19.98333367
20.67
22.88666633
24.07666633
24.346667
22.71000033
21.10000033
20.28
20.373333
21.52333333
22.54666633
22.25
21.66999933
20.86666633
20.82333333
20.35333333
20.17333367
20.59000033
20.84000033
20.65666633
19.88666567
19.41999933
20.14666633
21.21666667
21.8
21.55
21.63
22.05
22.56
22.023333
21.28333333
20.52666667
20.29333367
20.86
21.85666667
22.61000033
24.09666733
24.506667
24.543333
23.36333267
22.403333
22.086667
21.34333367
20.71000033
20.14666667
19.876667
19.726667
19.54666667
19.093333
18.45999967
18.09999967
18.30666667
18.35666667
18.20000033
17.96666667
18.11333333
18.01999967
18.00999933
17.579999
17.02999933
16.84666633
17.89
19.25333333
21.14333333
22.11333333
23.04999967
23.79666633
24.39
24.23333367
24.08333333
24.47999967
27.27999933
28.95666633
29.69666667
28.35000033
27.99000033
29.22666667
29.73666633
30.12666633
30.93666633
32.04000033
31.53333367
29.65000067
29.03000033
30.61
31.646666
31.756666
31.08999933
33.33999933
36.42999867
40.80999867
40.119999
39.17333233
38.22333267
40.49999967
40.880001
40.290001
40.950001
42.89666767
42.53333433
39.63000133
37.03000033
37.25000033
37.93333333
38.81333433
37.943334
35.89000067
34.58333333
33.89333333
34.69333267
35.16666667
37.30000067
40.170001
41.633334
42.253334
41.49333433
42.50666667
43.48333367
43.816667
42.670001
40.83333367
39.753333
37.50999967
35.70666633
33.76333367
33.68666733
33.15000033
32.616667
32.33666667
32.06000067
32.533334
32.58333333
31.623333
29.989999
28.26999967
27.68999967
27.46333367
27.046667
26.36000067
26.60000033
27.32000033
28.243333
28.64
28.926667
29.07000067
28.62666733
27.99333333
26.86
25.03333267
23.26999967
22.53
22.42333367
22.506667
23.41666667
24.35666633
25.46999967
26.36666667
26.48
26.30333333
25.263333
25.38
26.01666633
26.72999933
28.61333233
29.48333267
30.22999933
29.11333267
27.653333
25.62000033
23.89333433
22.28333367
21.49
21.72999967
22.38666667
23.00666667
23.31333333
24.64333333
25.01666633
24.65666633
24.05666667
23.663334
24.37000033
25.61333333
27.89
30.396667
30.776667
30.48666667
29.02666667
29.58666667
30.49000033
31.33333333
30.77
30.02999967
29.02333367
28.03000033
27.34333367
27.36
27.903333
28.50666633
29.00999967
29.80666667
30.43333367
30.693334
29.743334
29.21000033
28.94333333
30.02
30.25000033
30.13333333
28.54000033
27.22
26.52333333
27.23666633
27.69999933
28.08666667
28.48999967
28.876667
28.31
26.596667
25.096667
24.546667
24.783334
24.72666733
24.66666733
24.816667
25.07666667
25.32
24.94999967
24.673333
24.483333
25.53
26.29
26.06666667
24.99000033
23.97000067
23.43666733
23.176667
22.683333
22.50333333
22.3
22.55
22.683333
22.38999967
22.09666667
22.14333333
23.20000033
23.866667
24.256667
24.75
25.11333333
24.91666633
23.65
22.89666667
22.97000067
23.21666733
23.763334
24.27333333
24.843333
24.75999967
24.946667
24.98666733
26.08333433
25.99666767
26.47333433
25.86666767
26.12333367
25.59
26.00333333
26.38666733
27.133334
26.54000033
25.59999967
24.64666633
25.49333333
26.97333367
28.03000033
28.196667
27.02666667
26.71000033
26.073333
26.34333367
25.28
24.47000067
23.74333367
23.90000033
24.41333333
25.04
25.91
26.10666667
24.94
23.42000033
22.03333367
21.83666667
21.75333333
21.61
22.02666667
22.04666633
22.48333267
22.29999967
22.07666633
21.096667
19.81333367
19.69333367
19.91333333
20.44
19.51666633
19.30999967
19.21333333
19.79666667
19.44666667
18.603333
18.39
19.426667
20.77333333
22.09999967
22.60999933
23.783333
23.84333333
23.68666667
23.53333333
24.003333
24.91666633
25.49999967
26.42
26.89333333
27.00333333
27.09
27.57000033
27.16666667
26.29000033
24.243333
23.47
22.34999967
22.67999967
23.11999933
23.54666633
23.29666633
22.63333333
21.96999933
21.52333267
21.33333267
22.556666
23.63666667
24.00333333
23.97000067
22.81333367
22.983334
22.746667
23.42333367
22.95333367
22.64333333
22.89666667
23.73999933
24.52666633
24.36999933
24.19333333
24.32666667
24.95666733
26.226667
26.94000067
27.34333367
26.75
26.31666633
25.98666633
25.61
24.933333
24.72666667
23.76999967
23.47666667
22.043333
21.56666633
21.31999967
23.14333267
24.94999933
26.91999933
27.66333333
27.83333333
26.21666667
24.82666633
23.18666633
23.08666633
23.16666633
24.02000033
23.266667
22.58000067
21.876667
22.46333367
22.78333333
23.08666667
22.60666667
22.176667
22.07666733
22.27666733
22.34333367
21.99333333
22.15333333
21.70666667
21.47666633
20.483333
19.94333333
19.616667
20.03000033
20.41333333
21.19666667
22.05333333
23.36
23.32666667
22.72666667
21.10666667
20.55666667
20.33
20.97333333
21.176667
21.306667
21.46333333
22.086666
22.26999967
22.33333333
21.76333367
22.346667
22.596667
22.956667
22.07000033
22.206667
22.38666667
23.043333
23.60666633
24.163333
24.536666
25.286666
25.87666633
26.38333333
24.61999967
23.05333267
21.976666
22.34999967
22.34999967
21.403333
20.95666633
20.95999967
21.65666633
21.42999967
22.21333333
22.63666667
23.37333367
23.19666733
24.236667
24.876667
24.846667
23.840001
22.86000067
22.223334
22.113334
21.86000067
22.31333367
22.40666667
23.46333333
23.95666633
23.90666633
23.603333
23.2
24.22666667
25.01000033
25.25
24.70999967
24.48999967
24.75333333
24.41666733
23.23
22.023333
20.63666567
20.58999933
21.67333267
23.20999967
23.446666
22.423333
22.09999967
22.83333333
23.2
22.50666667
21.826667
22.03333333
22.34333367
22.05
21.816667
22.353333
23.36666667
24.23333367
24.49666733
24.81
24.56
24.536667
25.08666767
26.52000067
27.56000033
26.64999967
25.843333
25.87666633
27.40666667
28.54333333
30.623334
30.61333433
29.52000133
27.363334
26.33000033
26.746667
26.15333367
26.52666667
26.13333333
26.45333367
26.09000033
26.86
28.66999933
30.29999967
29.97666667
28.833334
28.22000067
29.00000067
28.85333367
27.89333333
26.22333333
25.08333333
24.39333367
24.093333
24.46
25.13333333
25.77000067
25.396667
24.92333367
24.45666633
24.22333333
23.91333333
23.21000067
22.496667
22.18333333
22.41333267
22.746666
22.76666633
22.463333
22.40999967
22.043333
21.82333333
21.27666667
20.88666667
20.603333
20.66999933
20.70666633
21.16333333
21.65000033
22.26333367
22.19666667
21.51333367
20.596667
19.84333433
19.69000067
20.176667
20.64333367
20.44
20.16333333
19.88666667
20.15666733
20.05666767
19.793334
19.60000067
19.506667
19.616667
19.446667
19.17666733
19.26666733
19.41666667
19.65999967
19.553333
20.03666667
20.39333333
20.70999967
20.42999967
20.17999967
19.536667
19.213334
18.81333433
19.00000067
19.053334
18.97333333
18.53999967
18.136666
17.95999967
17.82666667
17.51666633
17.293333
17.28999933
17.39999933
17.29666633
16.98333367
16.70333433
16.65333367
17.04000033
17.14
17.353334
18.06333367
19.38000067
20.01000033
19.55666667
18.75999967
18.483333
18.43666667
18.39
18.36666667
19.01
19.436667
19.906667
19.88333367
20.28333333
20.77666667
21.343333
21.653333
21.006666
20.56999967
20.423333
21.21666667
21.54000033
21.473334
21.76000033
22.58666667
23.86333333
25.15000033
27.31333367
28.22666667
28.30000033
27.41000033
27.78333333
27.21666633
26.01666633
24.67333367
24.403334
25.20666733
26.51666733
27.24666667
26.84999967
25.18666567
24.45666633
23.94333333
23.956667
24.03666667
24.36666667
25.03
25.92333367
27.13000067
28.26333367
28.133333
27.33999933
26.00333267
25.336666
25.76333267
26.28666667
27.25333333
26.77666667
26.87999967
26.85666633
27.353333
28.25999967
28.20666667
28.30333367
26.75000033
25.946667
25.13333333
24.27333333
23.75333333
23.59999967
24.006666
24.45666633
25.013333
26.37000033
27.14
28.87000033
29.52333333
29.64999967
28.64666633
28.13999933
27.813333
27.18666633
27.80333333
27.81333333
27.853333
27.413333
28.493333
28.83333333
28.20999967
26.86
25.71666633
25.21000033
24.92333333
24.52666733
23.846667
23.286667
22.68666667
22.28333367
22.08
22.41333333
22.60666667
22.58333367
22.40000033
22.08333333
21.876667
21.933334
22.04000067
21.946667
21.703333
21.72
21.80333333
21.773334
21.60333367
21.05333367
21.30333367
22.36000067
24.18666733
25.73333367
26.573333
26.46666633
26.37666633
26.75666667
27.64
27.95333333
27.54333367
26.81333333
25.71000033
24.766667
24.67666767
26.743334
27.83
29.16
28.573333
29.36
29.41666667
30.21666667
30.89
31.90999967
31.74000033
30.77666733
28.84333433
28.22000067
28.26333367
28.79666633
29.67333267
31.523333
33.33333333
32.91000067
31.90000067
31.18000067
31.013334
29.93666667
28.006667
26.97
26.02000067
25.35666667
24.63333333
24.556666
25.89999967
27.343333
28.01666667
27.283333
25.793333
25.153333
24.566667
24.636667
24.73666733
24.64000033
24.85000067
24.403334
24.55000067
24.26333367
23.96333367
23.93333367
23.83666667
23.286666
22.35666567
21.52999933
21.153333
21.11333333
21.39666667
21.33333333
21.08333333
21.103333
21.833333
22.51333267
22.32999967
21.86999933
20.84999967
20.44999933
19.87999967
19.993333
20.096667
20.44000067
20.950001
21.75666767
22.46000033
23.03333333
22.773333
22.40666633
21.14333267
20.36999933
20.023333
20.63000033
20.91666667
20.69666667
19.98333267
19.27666633
18.913333
19.25666667
20.213333
21.39999967
22.453333
23.24666667
23.11666667
22.413333
22.04666633
22.22
23.04000033
22.906667
22.81666667
22.86333333
23.77333333
24.32666667
24.08333333
23.00333333
22.566667
22.103334
21.62333367
20.75666667
20.17999933
20.62333267
20.92999933
21.73999967
21.69333333
21.53999967
20.90666633
20.483333
20.60333333
20.976667
22.096667
22.75000067
23.70333367
23.23666733
23.02333367
21.46
20.83333267
20.756666
21.86333333
23.48000033
24.45333367
25.39333333
25.70666667
26.936667
28.65000033
30.48000033
34.86333267
37.489999
40.396666
41.05666733
42.320001
41.383334
38.74000033
36.273333
35.023333
33.72999933
32.75
31.81
31.61333333
31.49666633
32.23333267
33.49333233
34.44666667
33.85000033
32.643334
32.79
34.026667
34.48666733
34.42333467
34.30333467
34.71333467
33.77000067
32.786667
31.73333367
30.80333333
29.61
29.83999933
31.17333267
32.88666633
33.11000033
32.19333367
31.17333333
30.00333267
29.476666
28.84999967
28.396667
28.47000067
27.75333333
27.45999933
26.19666567
25.72999933
25.02999933
24.55
24.256667
23.853334
23.743334
23.68000033
24.56333367
25.02666667
24.97333333
24.93
24.56333333
24.29
23.603333
23.40666633
24.27333333
24.80333333
25.26333367
25.36
25.13666667
24.933333
24.06
23.376667
23.18000033
22.91666667
22.93000033
22.47000067
22.16666733
21.76000033
22.263333
22.636666
22.616666
21.5
21.243334
21.40666733
21.96666667
22.10666667
22.36333333
22.846667
22.96000033
23.243334
22.80000067
22.74000033
22.79333367
22.67
22.21333333
21.34666633
21.09999967
22.16666633
22.90333267
22.88666633
21.81
22.36000067
23.81333433
25.47000067
25.55000067
24.82000033
23.383334
22.22000067
21.41666733
21.41333367
21.66333367
22.856667
23.15333367
23.62999967
23.10666667
22.83333333
22.126667
21.67
21.58666667
21.013333
20.683333
20.25333267
20.24666667
20.09333367
19.75000067
19.716667
19.56666667
19.62999967
19.41666667
19.02666667
18.85000033
18.50333333
18.51666633
18.25666633
18.12666633
18.13333333
18.12666633
18.10333333
17.74333333
17.94333367
18.43
19.36333367
19.713334
19.70333367
19.506667
19.403333
19.09000033
19.31999967
19.30333333
19.84666633
19.116667
18.786667
18.61000067
18.67333333
19.12
19.45
20.27333367
20.66666733
21.28666667
22.37999967
22.69999933
22.006666
20.67999967
20.10666667
20.94
21.56333367
21.62999967
21.29666633
21.45333267
21.56333267
20.82666633
19.75333333
19.01333367
18.463334
18.48000033
18.99666667
19.623333
19.28666633
18.90333333
19.14666633
19.866666
20.43666633
20.32666667
21.32000067
22.41333333
23.29000033
23.55333333
23.426667
23.79666633
23.89333333
24.10666667
24.54000033
25.043333
25.206666
24.946666
24.97999933
25.92666633
26.923333
27.23
27.35
27.74666667
27.516667
26.70333367
26.26666733
27.15666667
28.49666667
28.49666667
28.26000033
28.52666667
30.85666567
32.72333167
33.62999833
33.93999867
34.87333333
35.71000067
35.74000067
36.246666
38.38666533
41.65333167
42.216666
41.34999967
38.213333
35.36999933
32.91999933
31.75999967
33.63333333
36.756667
41.106668
42.80000067
41.946667
39.03000033
36.796668
36.23666767
36.066667
35.07666667
32.536667
30.2
28.95
29.00333333
28.81000033
28.52333333
28.43333333
28.98666633
29.77333333
31.10666667
32.36666633
33.209999
35.426666
36.683333
38.756667
37.543334
37.21333467
35.953335
35.446668
35.79666767
36.04333367
36.68666733
36.85666667
37.42333333
38.72666667
39.05000067
39.77000067
39.72666667
39.17666733
37.48333333
36.30000033
37.086666
36.92666633
36.88
36.08666733
37.86666733
39.803333
41.03999933
41.93
40.23333333
38.46000033
36.43000033
35.253334
35.35333367
34.706666
34.54333233
33.57999933
33.57666667
33.46666733
33.77333333
32.41
31.69999967
31.11333333
31.52333333
31.54666633
30.556666
30.41999933
30.44999967
30.92666667
31.12666667
30.52
30.70999967
30.42999967
31.03999967
30.16333333
28.85333333
27.66
27.24
26.79666667
25.513333
24.09666633
23.67999967
24.39999967
25.763333
26.90666633
27.403333
27.763333
28.23666633
29.11666667
29.29999967
29.92
29.47333333
29.10000033
27.936667
27.74333367
27.236667
27.02666667
27.06333367
28.38666667
28.403333
27.70666633
26.46666667
26.68666733
27.80333333
28.846667
29.26333367
27.876667
26.23
24.993333
24.90666633
25.19
24.97
24.70000033
24.49
24.59666667
24.99333333
25.03
25.406667
26.10000033
27.43333367
28.04333367
29.35000033
31.24333333
32.70999967
32.62666633
31.50333333
31.25
31.17
31.64999933
32.273333
33.049999
33.46666567
33.78333267
33.89333333
34.00000133
33.90333433
33.55000067
32.476667
31.67999967
31.19333333
30.90666633
31.13
31.32333333
31.886667
31.403334
30.70000033
30.19666667
30.62999967
30.87999967
31.19333333
30.94333333
31.92000067
32.66666733
33.47666667
32.95999967
32.08333267
31.49666667
31.05333333
31.24000033
30.803334
30.21666733
29.83333333
29.26999967
29.123333
28.313333
27.97999967
28.28666633
28.42000033
28.51000033
28.19666667
28.45333267
28.59666633
28.23666633
27.56333367
26.61333333
25.71666733
24.48333367
23.47
22.82999967
22.193333
21.99000033
21.383334
21.15000033
20.61
20.64333267
20.65666633
20.79999967
20.93666633
21.18666633
21.14333267
21.116666
20.85333233
20.976666
21.013333
20.64333367
20.15000033
19.706667
19.81
19.71666667
19.21333333
19.38333333
20.066667
21.00333333
20.76000033
20.05333333
19.646667
19.73000033
20.15000033
19.97666667
20.24999967
20.38666633
20.77000033
20.76333367
20.90000033
21.41
21.34666633
20.99999933
20.41999933
20.42666633
20.42999967
20.29666633
19.99666633
19.85666633
19.566666
19.83999933
20.15666633
20.713333
20.31999967
19.78999967
19.36
19.37999967
19.33666667
19.293333
19.493333
19.64333267
19.48999967
19.20000033
18.86333333
19.08333333
19.20333267
19.633333
19.84333267
19.69666667
19.70333367
19.353334
19.19666667
18.803333
18.32999967
18.236667
18.26000033
18.626667
19.00333333
19.69666667
20.50333333
21.56666667
21.81666667
21.48
20.45
19.86666667
19.09333367
18.82000033
18.39333333
18.503333
18.30666633
18.10333367
17.95333367
17.84000033
18.06999967
18.64
19.19
19.38333333
19.033333
18.746666
18.70999967
19.03
19.05666667
18.77333333
18.37999967
18.42666667
19.04
19.37
19.31333333
19.07000033
18.663334
18.48666733
17.916667
17.75333367
18.25333367
18.88666667
20.11333267
20.98333267
21.903333
22.05333333
22.20666633
21.81999967
21.52999933
20.45666633
19.93666633
19.47333333
19.36666667
19.13666667
18.816667
18.27333333
17.79000033
17.536667
17.41666767
17.500001
17.28333433
17.07000033
17.08666667
17.29999967
17.68666633
17.81333267
17.526666
17.09999967
16.52666667
16.28666667
16.32666633
16.39999933
16.653333
16.71666667
16.84333367
17.096667
17.363334
17.303334
16.92
16.72
17.33666667
18.21666733
18.83666667
19.13
19.08666633
18.63333367
17.71
16.79333333
16.41999967
16.44
16.45333333
16.55666633
16.39999933
16.67333267
16.64333333
17.08666667
17.346667
17.41
17.00333367
16.79
16.52333333
16.24666667
15.89
16.05333333
16.506667
16.616667
16.696667
16.866667
17.066667
17.406667
17.693333
18.06999933
18.006666
17.47999967
16.57333333
15.94666667
15.95333333
16.39333333
17.20333367
17.20333367
16.78333367
15.77
15.25666667
14.85
14.75333333
14.63
14.7
14.91333333
15.56000033
16.42333333
16.84999967
16.95999967
17.02666667
17.44000067
17.64
17.19333333
16.69999933
16.10999967
15.90666633
15.54666667
15.42666667
15.43
15.52333333
15.59666667
15.81000033
16.043334
16.07666733
15.706667
15.22
14.77
14.60666667
14.61666667
14.61666667
14.60333333
14.47666667
14.89
15.62333333
17.02
18.64666667
19.213333
20.03333267
19.92333267
19.86
18.993334
18.59666733
19.75333367
20.46666667
20.68666633
19.45333267
18.33999933
17.23666633
16.70333367
16.506667
16.556667
16.34333333
15.75333333
15.31
15.35
15.78
15.76666667
16.26666667
16.05333333
16.20666667
15.43333333
15.36666667
15.67666667
15.89666667
15.62666667
14.74
14.46333333
14.61666667
15.376667
15.986667
16.693334
16.803334
16.786667
16.31333333
16.456666
16.98333267
18.316666
18.823333
18.82666633
18.52333333
18.48999967
19.09666633
19.25333267
19.40666633
18.97666667
18.69666667
18.41333333
17.51
16.67
15.73666667
15.58333333
15.693333
15.95999967
16.47
16.63000067
16.40000067
15.726667
15.26333333
15.14666667
15.5
15.38666667
15.30333333
14.99666667
14.97666667
15.13333333
14.85333333
14.51666667
14.36666667
14.66
15.35666667
15.57666667
15.29333333
15.00333333
14.87333333
15.51
15.71333333
16.086667
15.93000033
15.646667
15.06666667
14.39333333
14.31
14.27
14.74
14.56
15.25
15.44333333
16.22
16.51666633
16.78333267
16.666666
16.12666633
15.71666667
15.45666667
15.57333367
15.87
16.85333333
17.95666633
18.84999967
18.566666
18.133333
18.19666667
18.366667
18.21
17.52333333
16.94
16.73666633
16.39666633
16.27999967
15.73666667
15.39666667
15.07333333
14.86666667
15.02
15.14666667
15.21333333
14.82666667
14.36666667
14.08666667
14.01333333
14.04666667
13.94333333
13.64666667
13.49666667
13.79
14.19666667
14.35333333
14.28333333
14.04
14.27666667
14.4
14.60666667
14.56666667
14.24333333
13.88666667
13.46
13.1
13.16666667
13.37
13.54666667
13.91
14.27666667
14.75333333
14.93666667
15.06
15.63333333
15.63
15.39333333
14.96
14.89666667
14.84
14.89
15.46666667
16.083333
16.22999967
15.833333
15.79333333
15.97666667
16.24
15.49666667
14.73
13.95
13.87
13.75
13.49666667
13.24333333
13.15
13.25
13.30666667
13.26666667
13.13333333
13.23
13.15
13.04666667
12.78666667
12.72333333
12.93333333
13.10666667
13.17
13.06333333
12.97
13.04333333
13.27333333
13.35
13.24666667
12.94333333
12.72666667
12.67666667
12.54
12.45
12.19
12.01666667
11.77666667
11.61
11.41
11.60666667
11.79
11.92
12.06
12.49
13.31
13.78333333
14.05
13.88333333
13.72
13.43333333
13.30333333
12.99333333
12.86333333
12.61
12.58
12.69333333
13.16
13.79
14.28
14.35666667
14.05
13.58
13.30666667
13.1
12.69666667
12.17
11.82666667
11.55333333
11.57666667
11.51333333
11.77666667
11.70333333
11.64666667
11.48666667
11.40666667
11.29666667
11.38
11.35
12.03
12.23666667
12.36666667
11.81666667
11.71333333
11.87
12.20666667
12.49
12.45666667
12.37666667
12.2
12.45333333
12.53
12.66333333
12.56
12.78
13.01
13.31
13.30666667
13.34666667
13.67333333
13.98
13.91666667
13.74333333
13.88666667
13.96
14.05
13.91666667
14.07333333
13.96
13.64666667
13.05333333
12.7
12.31
11.96666667
12.19666667
13.04666667
15.19333333
16.27666633
16.41999967
16.14666633
15.43
15.57
14.80333333
14.97
14.8
15.546667
15.68000033
15.76333367
14.98666667
14.5
14.12
13.96
13.92666667
14.23666667
14.37
15.16000033
15.63000033
16.04000033
15.52333333
14.62666667
13.84
13.36333333
13.13666667
12.92666667
12.74
12.50333333
12.32333333
12.56
12.6
12.49666667
12.11666667
12.09
12.27333333
12.45666667
12.39
12.24666667
11.89666667
11.8
11.63333333
11.46666667
11.36333333
11.36666667
11.34333333
11.2
11.42
11.78666667
12.27666667
12.09333333
11.95666667
11.79666667
11.73666667
11.70666667
11.78333333
12.14666667
12.07
11.74
11.22666667
11.02333333
10.86666667
10.66
10.63666667
10.51666667
10.48333333
10.55
10.57333333
10.86333333
10.87
10.81666667
10.62333333
10.81666667
11.39
11.8
11.88666667
12.03333333
12.27666667
12.73666667
12.69666667
12.66333333
12.4
12.51333333
12.47333333
12.84
13.02666667
13.41333333
13.38
13.42
13.39333333
13.64333333
13.74666667
13.87333333
13.65666667
13.63
13.25666667
13.13333333
13.10666667
13.21666667
13.00666667
12.79333333
12.47666667
12.18666667
12.00666667
12.31666667
12.59666667
12.20666667
11.95
12
12.85666667
13.25333333
13.36
13.11
12.92
12.81
12.54333333
12.26333333
12.20666667
12.52666667
13.40333333
14.23666667
14.7
15.03333333
15.25666667
15.79999967
16.106666
15.85333267
15.33666633
14.95666667
14.5
14.98000033
15.24666667
15.66
15.133333
14.62
15.04666667
14.95333333
15.19666667
14.80666667
14.55
13.77666667
13.21666667
13.09
13.11666667
12.99333333
12.59333333
12.11
11.90333333
12.01333333
12.22333333
11.91333333
11.54333333
11.06333333
10.84666667
10.79333333
10.81333333
11.22666667
11.53666667
11.93
11.73
11.43666667
11.28333333
11.37666667
11.76666667
11.97
12.02666667
11.79
11.42333333
11.02
10.77333333
10.63
10.93
11.08333333
11.12666667
10.76333333
10.45666667
10.71
11.06333333
11.51
11.67666667
11.60666667
11.52666667
11.27333333
11.22666667
11.14666667
10.99666667
10.97666667
11
11.12333333
11.44666667
11.79666667
12.04666667
12.93
13.49
13.93333333
13.37
12.86666667
12.42
12.26
12.43666667
12.56666667
12.84666667
12.85
13.07666667
13.19666667
13.15333333
13.18
12.94
13.11333333
12.82333333
12.63666667
12.01333333
11.93333333
11.96666667
12.1
12.05333333
11.73666667
11.64
11.79666667
11.82333333
11.86666667
11.74
12.14
12.45333333
12.57333333
12.55333333
12.28333333
11.96666667
11.32
11.15333333
11.35666667
11.81666667
11.96333333
11.84333333
11.54
11.33333333
11.19
11.27333333
11.41
11.33
11.36666667
11.30333333
11.51
11.36666667
11.28
11.24
11.61333333
11.96666667
12.48333333
12.65
12.71333333
12.57333333
12.12
11.76666667
11.45333333
11.51666667
11.66
11.69666667
11.75333333
11.78333333
11.73
11.99
12.04
12.17333333
11.94666667
11.82333333
11.82666667
11.87
11.92333333
12.08666667
12.82
13.41666667
13.70333333
14.39333333
15.53333333
16.81
17.29666633
17.71999967
17.78
17.04000033
15.706667
16.14
16.45333367
16.54000033
15.09333367
15.16333333
16.10333333
17.263333
17.82999967
18.09
19.14333333
20.963333
22.07666567
20.38999933
18.203333
16.99333333
17.256667
16.68000033
16.03000033
15.76333333
15.79666667
15.97
15.93666667
15.07333333
13.96666667
13.05333333
13.42666667
13.61666667
13.92333333
13.88
13.71
13.88333333
15.14000033
16.77666667
18.15999967
18.14333267
17.30999967
16.49999967
16.38666633
16.19666633
15.74333333
14.81666667
14.80333333
14.63
14.74
14.77666667
14.78
14.61666667
14.38
14.67666667
14.93333333
15.22
14.96333333
14.65333333
14.34
13.99333333
13.36333333
12.69
12.09666667
12.03333333
12.01666667
12.27
12.33
12.37
12.29666667
12.25666667
12.22666667
12.27
12.16333333
12.3
12.77666667
13.41666667
13.59333333
13.34333333
12.69
12.03
11.55
11.49666667
11.69666667
11.84
11.71666667
11.87333333
12.07666667
12.32
12.08
11.74333333
11.61
11.76
12.09
12.26333333
12.22333333
12.02666667
11.8
11.74
11.58666667
11.60666667
11.41
11.15333333
10.97666667
11.19
11.38666667
11.32333333
10.95666667
10.87
10.83
10.84
10.66666667
10.67333333
10.85333333
11.03333333
11.27
11.34333333
11.36333333
11.24666667
11.13666667
11
10.95
10.85
10.88666667
10.71666667
10.55666667
10.32333333
10.17333333
10.06
9.973333333
10.00333333
10.25666667
11.05666667
11.55
11.58333333
11.12
11.13333333
11.26666667
11.38666667
11.27666667
11.75666667
12.02333333
11.81666667
11.14333333
10.51333333
10.26666667
10.06666667
10.20666667
10.31666667
10.38666667
10.36333333
10.71666667
11.05
11.08666667
10.96333333
11.06333333
11.53
11.70333333
11.89666667
11.88333333
12.01666667
11.79333333
11.41666667
10.83
10.58666667
10.49333333
10.72666667
10.61333333
10.67333333
10.50333333
10.33333333
10.48333333
10.74666667
11.26666667
11.18
10.94333333
10.56333333
10.27
10.31333333
10.42666667
10.50666667
10.47
10.62
11.05
11.01666667
10.72666667
10.26333333
10.15666667
10.16
10.15333333
10.20666667
10.32
10.63666667
13.34666633
14.95999967
16.51666633
16.616667
18.02
18.06666667
16.943333
15.16333333
14.54
14.12333333
15.403333
16.463333
17.27666633
16.83000033
15.936667
14.88333367
13.35
12.79666667
12.69
13.01333333
13.19666667
13.87333333
14.53333333
14.92
14.77
14.21
13.74333333
13.31
13.20333333
13.01666667
13.10333333
12.96
12.8
12.29666667
12.10666667
12.18
12.36666667
12.34333333
12.55
12.74333333
13.12333333
13.04
12.81666667
13.15333333
13.39333333
13.60333333
13.22666667
13.02666667
13.05
13.09
13.08
13.23
13.14333333
13.50333333
13.64
13.82333333
13.67333333
13.25666667
13.19
13.04
13.2
13.46
13.55333333
13.65
13.23333333
13.13666667
12.88666667
13.04
13.23333333
13.93
15.18666633
15.58999967
15.53666633
15.40666667
15.37
15.01333333
14.10333333
13.66666667
13.40333333
13.64666667
13.91
14.87666667
15.53666667
17.09666633
17.023333
16.653333
15.76666667
15.72333333
15.51666667
15.26666667
15.04
15.12
15.81666667
16.45666633
16.583333
15.77666633
15.42666667
15.45666667
15.74
15.62
16.06000033
16.33
17.43666633
17.81999933
19.12999967
21.00333333
21.926667
22.85333367
22.686667
22.803333
23.34999967
23.10666667
23.22
21.98333367
23.16333333
25.41
27.11666633
27.51666633
28.30666667
29.72666667
30.49666667
29.05
27.19
24.823333
23.58666667
22.07666633
22.01999967
23.24666567
24.27666567
25.05666567
24.08333233
23.73999967
23.58
23.78333367
24.93333333
25.86666633
26.293333
25.86999933
24.99666633
24.87999967
25.38666667
23.91666667
22.286667
20.27666733
19.82666733
19.60666733
18.99000033
18.53333333
17.743333
17.543333
17.61333333
18.11
18.37666633
18.57666667
18.05
17.60333333
16.83
16.75
17.22333333
17.75999967
18.61999967
19
19.27000033
19.02000033
20
21.03333267
21.66999933
20.94999933
20.793333
20.50999933
20.2
20.16666667
19.823334
20.93666667
21.58333333
23.50999933
22.90333267
24.06333267
24.67999967
27.05
28.58333333
27.89666667
27.04333367
26.03333333
26.49666667
26.51999967
25.45999967
25.90999967
25.77666667
27.12000033
26.933334
26.433334
24.786667
23.65000033
23.48333367
23.42333433
23.310001
22.426667
21.44666667
20.84999967
21.72666667
22.26666633
22.87333267
22.766666
23.44999967
23.47666633
22.94666633
21.633333
20.243333
19.21666633
18.57666633
19.17333333
19.88666667
21.16666667
22.13666667
22.72
23.20000033
23.40666733
24.38666733
24.44666733
24.333334
23.75000067
23.34333367
23.30666667
23.53999967
25.39333267
26.67333267
28.883333
29.07
29.27000033
28.626667
28.213334
28.06000033
27.573334
27.04666733
25.94666733
25.40333367
26.08333333
27.733333
28.28999967
28.213333
27.75666667
27.31333333
26.26999967
25.58333333
25.14666667
25.38333367
25.00333333
25.036667
24.52666667
24.07000033
22.99666667
22.54000067
22.70666733
24.25333433
25.450001
26.113334
25.466667
25.88999967
26.54666633
28.13999933
27.74333333
27.653333
26.956667
28.55666667
30.230001
29.730001
29.290001
27.41666733
27.396667
26.02333333
25.843333
25.89333267
25.88999933
25.733333
24.66666667
23.906667
23.10666633
23.03
22.69333333
22.41000067
22.53
22.38333333
22.74999933
23.08666633
23.35333333
22.37666733
21.22666767
20.34333367
20.33333333
20.5
20.54333367
20.39666667
19.96999967
19.76333267
19.823333
20.22333333
19.97
19.28333333
18.653333
18.42999967
18.94666633
19.113333
19.51333333
18.866667
18.39333367
17.81000033
17.313333
16.80999933
16.59333267
17.01999967
17.72666667
18.073333
18.72999933
19.079999
19.41999933
18.94999933
18.34666633
18.59999967
19.3
20.28999967
19.88999933
20.99666567
21.76999967
23.28666667
23.473334
23.54333367
22.89
21.83333333
21.09999967
21.44
21.64999967
22.23000033
22.36333333
22.64333333
22.066666
22.49666633
22.83666667
23.773334
23.68000067
24.506667
24.78333367
25.493334
24.57000067
24.72000033
24.65666667
26.10333333
27.18666667
28.17000033
27.37333367
26.216667
24.71999967
24.036666
22.75999933
21.846666
21.97666667
22.55333333
23.526667
23.056667
22.49
22.06000033
22.24
23.00000033
22.39999967
21.61999967
20.83999967
20.68
20.64333367
20.65000033
20.94666667
21.01999967
20.48999967
20.3
20.61333367
20.89333367
20.506667
19.683333
19.866666
20.08999933
20.40666633
19.89333333
19.94666667
20.69
21.35666667
22.48333367
22.84
23.243333
23.72333233
24.20999933
24.79333267
24.85666633
27.25
29.22
32.74000033
33.206666
33.79666633
33.00666533
33.87999967
34.91999933
34.57666667
34.25000033
38.09333433
40.283334
41.97333367
41.486666
43.40333267
47.483332
50.28999933
54.41999933
58.37666567
63.799998
62.95333233
60.02333333
59.790001
63.99666733
69.06333433
63.636668
58.80333467
58.576668
63.520002
72.193334
75.66333267
75.38333133
72.32666533
66.60666667
64.25
58.82333367
53.76666633
51.99000033
55.32333367
58.113333
59.91999933
59.17333233
62.626666
62.57666667
64.19999967
65.09666733
67.69999967
70.350001
74.253334
75.93000033
72.743332
66.089999
60.17333233
57.033333
59.56999967
62.256667
64.070001
62.44666667
61.43
60.686667
59.11000067
57.71000067
56.80666633
55.26333267
55.60666533
54.46999867
52.989999
49.84999967
47.37
45.61000033
44.836667
44.59666667
44.20333333
43.83000067
42.97000133
41.84333433
40.27333333
39.42333367
38.943334
40.343334
41.50333367
42.92333333
43.74000033
43.97666667
46.083333
47.803333
48.75
51.25333433
49.726667
50.12000033
46.993333
46.75
45.06999967
42.533333
41.51333367
42.376667
44.33000033
44.47333367
44.143333
43.54666633
43.649999
43.57999933
44.55999867
44.94666533
44.149999
42.903333
44.28
46.683333
48.066667
48.28
49.66666667
49.13666667
47.593333
44.94
45.22666533
47.88666667
49.97666667
50.380001
49.553333
49.02000033
49.72666667
47.79333367
45.88666667
43.05333333
42.383334
42.42666767
42.30000067
41.533334
41.51333333
43.21
44.26666633
44.01666633
42.80333333
41.846667
41.21666733
42.31333433
43.57333367
43.98666633
42.81999967
41.34000033
40.89000067
40.34
40.05666567
38.58999867
37.72999933
37.336666
37.21666567
36.54333233
35.29999933
36.30333333
36.75333267
38.139999
37.463333
37.35666667
37.43000067
37.696667
37.450001
36.84333433
35.96000033
35.44333267
34.39666633
33.446667
33.08333367
32.64666633
32.78666567
32.239999
32.77333333
32.273334
32.713334
31.57666667
30.71999933
29.35666667
29.72666667
31.003334
31.533334
31.870001
31.55000067
30.98333367
30.21000033
29.53
30.23
30.27666633
30.27333367
29.856667
29.22000033
28.833333
28.28
28.24
29.02333333
30.54666633
31.67666667
31.41666733
29.853334
29.73000033
29.91333333
30.26666633
28.66333333
27.11333333
25.88000033
25.87666667
25.973333
26.84
27.72333333
29.266667
30.383333
30.64333333
30.03333333
28.37
26.783333
25.73999933
25.443333
25.21666633
24.72
24.20333367
23.91333333
23.59
23.32999967
23.60000033
24.126667
24.96666733
25.34000033
25.64333367
25.62666633
25.456666
25.116666
25.153333
25.11
25.14
25.24666667
25.476667
25.38333333
24.81
25.62333267
26.113333
26.77666633
25.84333333
25.45333333
25.07999967
25.023333
25.00333333
24.85000033
24.796667
25.15
26.64
28.02
28.38333333
27.08666667
25.99333367
25.066667
24.49666667
24.00666633
23.85333333
23.81000033
23.65666733
23.586667
23.75333367
23.87666633
23.68666633
23.543333
23.84000033
24.683334
25.146667
25.226667
25.226667
26.35666733
27.52000033
27.93
27.07333367
25.74000033
24.85333367
23.99333367
23.436667
23.04000033
22.95333367
22.52333333
22.00333333
21.54666633
21.27333333
21.53666633
21.27
21.72666667
22.42333333
23.803333
25.683333
25.83333333
27.786667
28.41000067
29.76000033
28.76999967
27.31999933
25.78
24.256667
23.39333367
23.01000033
23.37333367
23.54666733
23.49666667
22.88666667
22.30999933
22.22333267
22.14999967
21.99333333
21.27333333
20.703333
21.89666633
23.24333333
23.72333333
22.516667
21.83333333
21.61
21.93666633
22.346667
22.816667
22.89000033
22.19
21.68666667
21.41
21.06000033
21.51333367
21.576667
21.56
20.57000033
19.91333333
19.573333
19.70333267
19.803333
19.96666633
20.54999967
20.56
20.356667
19.516667
19.18999967
18.78333267
18.24666567
17.976666
17.883333
17.90999967
17.79666633
17.70666633
18.05666667
19.51
22.753333
24.99666633
25.756666
24.366666
23.806666
23.83
23.646667
22.896667
21.89
23.05333333
24.596667
26.23333367
26.206667
25.97
25.11999967
24.02999967
22.97999967
22.233333
21.53333267
20.78999933
20.19666667
20.443334
20.52666733
20.58000033
19.95666667
19.62
19.273333
19.04999967
18.86999933
18.323333
17.97666667
17.71000033
18.09333367
18.183333
18.06999967
17.87999967
17.756667
17.53333367
17.073334
16.83333333
16.82000033
16.73
16.92333333
17.433333
17.90666633
17.92
17.49666633
17.43666633
17.396666
17.35999967
16.90666633
16.62333367
16.44333367
16.41333333
16.06666633
15.97333333
15.79000033
15.89333367
16.61333367
17.196667
17.14333367
16.46333333
16.173333
16.47
16.853333
18.96666633
20.45333267
20.77666667
20.52333333
20.226667
22.02666667
22.98000033
27.183333
32.88666667
34.19666667
32.70333367
27.56
26.84
27.81333333
29.58666667
31.87666633
33.23666633
38.22
40.403333
41.403333
37.67666633
35.98333367
33.10333367
32.25666667
32.43000033
32.59333367
31.72333333
31.703333
33.83666633
35.25000033
34.666667
32.666667
31.03000033
29.31333367
27.74666733
26.79000033
25.61333333
24.97333333
24.62666633
25.293333
26.27999933
27.89999967
28.39333367
29.09000033
30.553334
32.55666733
33.84333433
32.50666767
30.87666733
28.87000033
27.39999967
25.843333
25.03999967
24.65666633
24.626666
24.86333233
25.426666
25.786666
25.383333
25.17999933
24.73333267
24.579999
23.60999933
23.13
23.39000033
23.85666667
23.95999967
23.213333
22.713333
22.28333267
22.31333267
22.01666633
21.993333
22.08333333
23.29999967
24.49666667
25.78666633
26.02333333
25.55666667
25.00666667
25.12000033
25.506667
25.86333367
26.203333
26.60666667
27.176667
26.17333433
26.34333367
25.903333
25.71666567
24.37666633
22.79666633
22.76666633
22.786666
23.286666
22.683333
22.00333267
21.586666
21.62333267
21.79333267
21.943333
21.743333
21.95333333
22.12
22.91000033
22.69666667
22.706667
22.28333333
22.796667
23.18333367
23.15000033
23.243334
22.596667
22.26000033
21.603333
21.25333267
20.409999
19.53333267
18.98666633
19.293333
19.32666667
19.33333333
19.58333333
19.83666667
19.89666667
19.28000067
19.30000033
19.61666667
20.25999933
20.60333233
20.92999967
21.30333333
21.53333367
20.98666633
19.883333
18.77999967
18.356667
18.54333367
18.61333333
18.72999933
19.23999967
19.816667
21.13000067
21.51333367
21.03
19.516667
18.38666733
19.01333367
19.51999967
20.80333233
21.103333
22.43000033
22.14333433
21.43000033
19.58666667
18.473333
18.00666667
17.91666667
17.66
17.53333367
17.47
17.59000033
17.70000033
17.646667
17.146667
16.63666667
16.336667
16.11666667
16.13666633
16.52999967
17.21999967
17.49000033
17.44000033
17.516667
17.626667
17.58
17.33666667
17.26666633
17.18666633
17.36
17.18999967
16.89
16.506666
16.02999967
15.90666633
16.213333
17.05666633
17.92333267
18.03666633
17.903333
17.293333
16.793333
17.61
18.573334
19.066667
18.153333
17.20666633
16.64
16.30000067
16.006667
15.986667
15.92333333
15.88333333
15.91
16.00333367
16.34666667
16.56
16.57999967
17.93999967
19.786666
21.416666
20.88999933
19.62999967
19.52666633
20.02000033
20.10333367
19.45333333
19.43999967
19.84666633
20.233333
20.63999933
20.726666
21.02999933
21.843333
24.94999967
26.696667
26.73666733
23.80666767
21.75333367
19.99666667
19.12666633
18.36
18.45000033
18.50333367
18.43666667
17.86999967
17.61666633
17.54666667
17.38333333
17.21666667
17.086667
17.293334
17.19000067
17.18333367
16.86666667
16.76
16.17
16.183333
16.03666633
15.953333
15.19666667
15.17666667
15.36
15.58
15.19666667
14.90666667
15.12
15.81333367
16.59000033
17.32666733
17.89333367
17.92000033
17.15666667
16.67333367
16.29666733
16.683334
17.11333367
17.61999967
17.33999967
16.433333
16.39333333
17.07333333
17.84
17.72
16.99333333
16.38
15.84
16.57666633
17.27999967
18.11333333
18.176667
18.17000033
18.45000033
18.21000033
18.473334
18.74666733
18.91000067
19.73000033
20.77
21.96666667
21.52333333
20.23333367
19.12333367
18.89000067
19.636667
20.31666667
20.27666633
18.99999967
17.65333333
16.55333333
16.14999967
16.08999967
16.11666633
16.08
16.763333
18.07
19.39
20.19333333
20.08
20.426667
19.896667
19.75
18.61999933
18.05666633
18.143333
19.03333333
20.85333333
22.31666667
23.99
24.21666667
24.566667
23.94333333
26.61
29.013333
37.22
38.35333367
42.01666767
39.01666767
39.450001
35.743334
33.69333333
32.09999967
35.69999867
39.099999
42.71999867
40.586666
38.20333367
37.31
37.08333333
35.87666567
33.586666
32.263333
32.11
32.453333
34.246666
34.76666633
34.90000033
35.406667
37.14333333
38.00666667
36.69999933
34.49333233
32.51666567
31.893333
32.19000033
34.30333367
37.17666633
39.97333267
40.53999933
39.32666633
39.27000033
39.21000033
40.96000033
42.41666667
43.07666667
41.36000067
38.30000033
36.76000067
35.16333367
34.02666733
32.38000033
31.60666733
30.066667
30.77666667
31.06333267
33.129999
33.59333233
33.51333267
31.78666633
30.93333367
30.44666733
29.18000033
26.616667
26.64999967
29.75333333
32.49000033
32.67000067
31.133334
30.17
29.16333333
31.16333333
32.15000033
33.003334
31.326667
30.79666633
31.953332
33.07999833
33.33999867
33.13999933
32.293333
32.953333
33.47333333
33.52666733
32.41333367
30.18999967
28.616666
27.57666633
27.59
27.82999967
28.213333
29.12999967
28.54666633
27.54666633
25.81999967
25.706667
25.52000067
25.14666767
24.773334
24.14333333
23.18999967
21.93666633
21.10666667
21.26666667
22.05333333
22.69333333
23.19
23.00666633
22.86333267
22.22333267
21.44333267
21.05999967
20.79666667
20.93666667
20.73666633
20.80999933
21.19333333
21.33333333
20.986667
19.68000033
18.94000067
18.62000033
18.62999967
18.59666633
18.47
18.83333367
19.123334
19.13
18.65666667
17.87666633
17.61333333
17.50333333
17.85666667
18.14666633
19.19333333
19.486667
19.790001
19.906667
19.96666633
19.37999967
18.396667
18.05333433
17.726667
17.433333
17.433333
17.81999967
18.19333333
17.883333
17.66000033
17.53333333
18.736667
19.33
19.29666733
18.043334
16.90000067
15.85000033
15.25
15.17666667
15.06666667
14.97666667
15.03
15.25
15.42666667
15.17333333
14.88333333
14.89
15.10666667
15.51333333
15.48333333
15.54
15.6
15.91333367
16.26666733
17.316667
18.633333
19.73999933
19.20333333
18.92333333
18.76666633
19.18666567
18.88333233
18.48666633
18.146667
18.256667
18.17
17.963333
17.05333333
16.46
16.57
16.69
16.87666633
17.01333267
17.866666
18.55333333
19.05
19.35666667
19.31999967
19.59999967
20.19666667
21.243333
22.03666667
22.90999967
23.95333333
23.86666667
23.19666667
22.27333333
22.116667
21.876667
21.443334
22.31
23.07666633
24.95333267
25.61333333
25.82000033
24.32000033
22.853333
21.703333
22.16999933
22.293333
23.30666633
22.68
22.35333367
20.37000033
19.27
17.97999967
18.56666633
18.476667
19.52333333
19.403333
19.84999967
19.62666633
18.74666667
17.86333267
16.84666633
16.98666633
17.08666667
17.52666667
17.933333
18.21666667
18.33333333
17.67333367
17.39333367
16.776667
16.58333367
16.03
15.96
16.78000033
18.45333333
19.47666667
19.11333333
17.85666733
17.420001
17.88666733
18.64
18.48666633
17.38999967
16.38666667
15.86
15.75333333
15.53
15.11333333
14.57333333
14.43
14.39333333
14.59
14.12333333
13.92
14.16333333
14.71666667
15.36333333
15.41666667
15.83
16.00666667
16.633333
17.12666633
17.45333267
17.75999967
17.72999967
17.10666667
15.90666667
15.42000033
15.69000033
16.16333367
15.42
14.78666667
14.38333333
14.42666667
14.21666667
14.04333333
13.97666667
14.06666667
14.52
15.463333
15.693333
15.793333
15.63
15.92
15.82
15.23
14.77
14.66333333
15.27000033
15.923334
16.083334
16.00666667
15.66666633
15.543333
15.18666667
15.10666667
15.71999967
16.23666667
17.50333333
17.926667
18.426667
18.08666667
18.17666667
17.7
17.626667
17.566667
17.86333333
18.36
18.38333333
18.726667
17.926667
17.31333367
17.08333333
17.52
17.44
16.54666667
15.57666667
15.21
15.17666667
15.31666667
15.52
15.64333333
15.49666667
15.48
15.85666633
16.54333333
16.73999967
16.72
16.313333
16.17666633
15.83999967
15.85666633
16.02666633
16.503333
16.633333
16.30333333
16.42333367
16.866667
17.62333367
17.78333333
18.38666667
18.92999967
20.556666
20.06999933
18.473333
15.75333333
14.35666667
14.06
13.74666667
13.74
13.64
13.55333333
13.45666667
13.47666667
13.49666667
13.51333333
13.15
12.82
12.45
12.52666667
12.68
13.05
13.25666667
13.73333333
13.97
13.83333333
13.95
13.76333333
13.93333333
13.54333333
13.31
13.15333333
12.86666667
12.85333333
12.76
12.7
12.47666667
13.15
14.07
14.69
16.12666667
16.676667
16.86333367
15.70333367
15.2
14.96
14.28333333
13.67333333
13.35666667
13.06
12.40333333
12.14
11.88666667
11.8
11.47666667
11.98666667
13.01666667
13.47333333
13.68333333
13.41
13.76666667
13.36
13.22
12.87333333
13.14333333
13.02
13.52333333
13.62666667
14.00666667
13.66666667
13.31666667
12.79666667
12.48
12.22
13.85666667
14.43
15.91333333
16.00999967
16.34666633
15.63999967
14.28
13.82666667
13.57
13.61333333
13.64666667
13.61333333
13.90666667
13.86666667
13.64333333
13.03333333
12.78
12.71666667
12.87333333
12.79333333
12.75666667
12.63666667
12.71
12.88333333
12.77666667
12.84666667
12.94666667
13.40333333
13.75333333
13.96
14.18
14.43333333
14.61333333
15.21999967
15.70333333
16.28333333
16.68333367
16.79999967
16.423333
15.73666633
15.88333333
17.03333333
17.35666667
17.38333333
16.78666633
16.85333333
16.683333
17.91333333
18.67666633
19.83333367
19.16
18.59666633
17.513333
16.976667
16.69666767
16.55666767
16.33666767
15.843334
15.29000033
14.67333333
14.44666667
14.19
14.02
13.88
14.01666667
13.99666667
13.99
13.36333333
12.86666667
12.49666667
12.71
12.93666667
12.95666667
13.02666667
13.16666667
13.41
13.26
12.79
12.25333333
12.18
12.51333333
12.81
13.04
12.98333333
12.84333333
12.72
13.36
14.04666667
14.73333333
14.79333333
15.31666667
15.20333333
14.89333333
14.57666667
15.24666667
16.08333333
16.68999967
16.76999967
16.81
16.50000033
16.086667
15.83333333
15.75
15.33666667
14.66
14.21333333
14.09
14.27666667
14.35666667
14.16666667
13.76
13.29
13.53
13.83666667
14.13333333
14.05
14.51
15.37333333
15.86666667
16.24666667
16.60333333
17.00333333
17.94
18.83
19.78333333
18.80666667
17.26666667
16.09
16.81666667
16.48
15.61666667
13.74333333
13.22666667
13.17666667
13.30333333
13.31666667
13.23666667
13.2
13.27
13.45666667
13.60333333
13.56
13.32
13.16
12.95666667
13.28333333
13.16
13.11333333
12.75
12.62333333
12.57
12.36
12.55333333
12.89333333
13.29666667
13.15
12.77333333
12.57
12.62
12.86
13.16333333
13.63666667
14.16
14.49333333
14.77666667
14.52333333
14.12
13.73
14.27333333
14.95666667
15.57333333
15.776667
16
15.34666667
14.71999967
13.91333333
13.66
13.10333333
12.61666667
12.42333333
12.78333333
13.24666667
13.83666667
13.90333333
13.84666667
13.41
13.11333333
12.89333333
12.63333333
12.77
12.56666667
12.61333333
12.36333333
12.41666667
12.61333333
12.71666667
13.16
14.91666633
16.443333
17.11999967
16.85666667
16.81333367
17.68333367
19.04666733
19.653334
20.16666767
18.763334
17.49000033
15.92666667
15.02
14.69
14.31666667
14.00333333
13.86
14.31333333
14.72
14.99
14.56666667
14.19333333
14.08333333
14.02
14.13
14.68
14.7
14.66333333
14.06666667
14.07
14.17333333
14.37
14.49
15.163333
16.16999967
16.55999967
15.99333333
15.09333333
14.72
14.88
14.87
14.70333333
14.68
14.52333333
14.65333333
14.30333333
13.79666667
13.35666667
13.18666667
13.47333333
14.3
14.80666667
14.76
14.86666667
15.58000033
16.343334
16.25000067
15.30000033
14.38333333
13.59666667
13.26666667
13.23666667
13.26
13.55
13.78333333
13.91333333
13.69666667
13.45666667
13.19
13.15
13.33333333
13.49666667
13.54333333
13.25
12.86
12.42666667
12.17666667
12.49
12.59333333
12.67666667
12.60666667
12.43
12.3
11.76666667
11.63333333
11.51666667
11.58666667
11.55
11.51666667
11.61666667
11.84333333
11.87666667
11.49666667
11.18666667
10.95666667
11.24666667
11.71666667
12.11333333
12.46333333
12.29666667
11.77333333
11.09666667
10.69333333
10.81666667
11.32
11.56666667
11.78333333
11.49333333
11.48666667
11.32666667
11.18
10.76333333
10.82333333
11.21
11.65333333
12.07333333
12.10666667
12.16333333
11.95333333
11.59333333
12.5
12.53333333
13.13666667
12.37
12.19
11.86666667
12.01666667
12.36333333
12.84333333
13.05666667
14.52000033
15.77000067
16.36666733
16.34000067
16.12000067
16.633334
16.266667
15.55333333
14.71
13.75333333
13.15
12.82333333
12.63
12.56
12.10333333
11.91666667
11.67
11.64333333
11.6
11.70333333
11.82
11.97333333
12.13
12.23333333
12.41666667
12.36333333
12.46333333
12.75
13.01333333
13.06
12.99666667
13.41
13.38666667
13.16666667
12.47
12.26333333
12.61
13.57666667
13.96333333
14.61333333
14.58666667
15.49
15.713333
16.33333267
16.39333267
15.80666633
15.39
15.736667
15.92333367
17.02333367
18.37
21.54666633
22.89
24.23333333
24.42000067
24.15333367
21.92000033
18.88
17.506667
16.82666733
16.83666767
16.22666767
15.513334
15.19333367
14.68666667
14.56666667
14.42666667
14.55
14.59666667
14.24333333
13.65333333
13.15333333
12.90333333
12.87
13.24333333
13.37333333
13.69666667
13.72
13.93666667
13.8
13.48
13.03333333
12.59
12.31333333
12.55
13.18666667
13.44666667
13.17
12.57666667
12.25666667
12.82666667
13.81666667
16.03000033
17.986667
19.896667
20.52666667
21.69
21.14333367
19.94
17.58
16.183333
15.51333333
14.80666667
14.55666667
14.64333333
15.16
16.726667
17.63666733
18.97000067
19.61000067
20.11666667
19.14666667
17.956666
18.053333
19.236666
20.54666633
21.476666
21.60666667
21.07666633
19.89666667
18.37999967
17.30333333
16.19333333
16.46666633
17.72666667
18.80666667
20.05666667
19.71999967
19.243333
18.36333333
17.50333333
17.49000033
17.56333333
17.69
17.57999933
16.50999967
15.663333
15.27666667
15.31333333
15.51333333
15.01333333
14.71666667
14.18333333
14.03
13.81333333
13.69666667
13.43
13.41333333
13.71
14.04333333
14.49
14.76666667
15.65000033
16.20666733
16.32666733
16.096667
15.67666667
15.75666667
15.08
14.56666667
13.68666667
13.5
13.35
14.15666667
14.95333333
15.43666667
15.12666667
14.95666667
14.97
15.02333333
14.84
14.73
14.5
13.95
13.21666667
13.20333333
13.39666667
13.48333333
13.03666667
13.11
13.26333333
13.48
13.08666667
12.81333333
12.49333333
12.63
12.60666667
12.97333333
13.45
13.54666667
13.36666667
13.28666667
14.10333333
14.86333333
14.38
13.94666667
13.52333333
13.82333333
13.45333333
12.96
12.61666667
12.65333333
12.82
12.61333333
12.37333333
12.76666667
13.15333333
13.54666667
13.47333333
13.70666667
14.01666667
13.95666667
14.20333333
14.19333333
14.73666667
14.65666667
14.32666667
13.51333333
13.28333333
14.00666667
14.66
14.9
14.16666667
13.88333333
13.29666667
12.93666667
12.70333333
13.12666667
13.76333333
15.62666667
17.03333333
17.72333333
17.036667
16.63000033
16.63000033
17.58666667
18.573333
18.81999967
16.89999967
14.7
13.5
12.90333333
12.43
12.10333333
12.14
12.19666667
12.32666667
12.83333333
13.99333333
14.26
13.84666667
12.69
12.25
12.27
12.56
12.69
13.09333333
13.22333333
13.13
13.11
13.18333333
13.60333333
13.31
13.11333333
13.21333333
14.02
16.05999967
20.80666667
29.303334
34.930001
35.693334
30.81333333
27.48999967
26.85999967
28.62666633
28.64
27.70000033
26.5
26.10333333
26.30999967
25.166667
24.60000067
23.94000067
23.33000067
22.71333367
21.67666667
21.59
21.18666633
21.62000033
21.56999967
22.67999967
23.073333
24.90666633
26.02666667
26.31999967
24.62666633
22.66333333
21.01000033
19.96000067
19.11333367
18.40666667
17.63333333
16.89
16.97333333
17.29000033
17.25
16.37666667
15.35999967
15.26
15.81000033
15.63333367
15.20333367
14.73333333
15.06
15.01666667
14.79
14.67
14.61
14.58666667
14.73333333
15.03333333
14.96333333
15.3
15.38
15.95666633
16.57333333
18.17
18.87000033
19.02666667
17.95
17.56
16.43666667
16.02666667
15.67333333
15.58
15.41333333
15.47999967
15.30666633
15.56999967
16.23000033
16.276667
16.25333367
16.08333333
17.68333367
18.85000033
21.11333333
22.153333
22.69
20.513334
19.250001
19.16666767
19.44666767
18.66666733
16.956667
15.97
16.07333333
16.24333333
16.76000033
17.19333333
18.73333367
19.41666667
20.21000033
21.64
24.19666667
25.433333
24.59333267
23.99666567
23.87999967
25.39666667
25.67333333
26.88666633
26.77666667
25.54000033
24.39333367
22.99666667
23.25333367
22.676667
21.91000067
20.866667
20.72000033
21.20333333
21.82333333
22.28999967
23.73999967
25.30666667
26.27666733
26.99000033
26.61
25.88333333
23.94
22.68666633
21.493333
20.51666633
20.29666667
20.35999933
20.27
19.87999967
19.823333
19.353333
18.44666667
17.163334
16.883334
16.97000067
17.626667
18.12
18.353333
17.62999967
17.15666633
16.75333333
16.25
15.42333333
14.48333333
14.08333333
13.99333333
14.3
14.61666667
14.97333333
14.6
14.20666667
13.77666667
13.53666667
13.72333333
14.21333333
14.54333333
15.22333333
15.20333333
15.92666667
15.49
14.98333333
14.13666667
13.72666667
13.56333333
13.40333333
13.29
13.49
13.48333333
13.75
13.75333333
13.93666667
14.31666667
14.89666667
15.2
15.32666667
15.443333
15.853333
15.55999967
15.06666667
14.30666667
14.29666667
14.24333333
14.71333333
14.71
15.09666667
15.4
15.95
15.82666667
15.78333333
15.14666667
14.71333333
13.91666667
13.48333333
13.58
13.83666667
14.00666667
13.76666667
13.58333333
13.72333333
13.92666667
14.25666667
15.25000033
17.54666667
19.5
20.536666
20.00333333
19.64
19.05000067
18.75333367
19.34000033
18.96666667
21.39333333
22.28666667
22.78666667
19.74666633
17.00666633
15.67999967
15.32666667
15.10333333
15.1
14.30666667
13.83333333
13.43
13.37666667
13.13666667
12.84333333
12.64333333
12.36
12.06
12.16
12.17666667
12.54333333
12.64666667
12.91666667
12.86666667
12.47333333
12.34333333
12.56
12.89
12.88333333
12.22333333
11.77
11.51666667
11.73666667
11.79666667
11.76
11.68
12
12.21333333
12.08666667
11.65333333
11.68
11.99666667
12.7
13.15333333
13.57666667
13.40666667
13.23666667
13.16
13.34
12.96
12.49333333
11.98
12.15666667
13.98333333
15.05666667
16.83666667
17.04999967
17.42999933
16.60333267
15.733333
15.60666667
14.91666667
13.74666667
12.53666667
12.93666667
13.29666667
13.33
13.17
13.23333333
13.62666667
13.49666667
13.39666667
13.15333333
13.10333333
13.23333333
14.07333333
14.88333333
15.986667
16.24000067
16.34000033
15.87
15.29999967
14.48
13.83333333
13.37
13.27333333
13.57333333
14.35333333
15.26333367
16.20333333
17.26999967
18.31333267
19.98666633
21.30333333
21.09999967
19.98666633
17.27666633
15.95333333
14.43
14.46333333
14.00666667
13.85666667
13.48
13.30666667
12.87333333
12.56
12.42
12.39333333
12.64
12.79666667
13.12666667
13.43333333
13.84
13.44333333
12.68333333
12.05
12.21666667
12.20333333
12.34333333
12.37
12.85
12.9
12.72666667
12.23333333
11.78666667
11.47666667
11.38333333
11.38
11.62
12.12666667
12.77
13.45333333
13.42
12.91333333
12.12333333
11.61333333
11.51666667
11.45666667
11.43666667
11.43
11.34333333
11.54666667
11.86
12.37666667
12.26666667
12.03
11.46
11.21666667
10.83666667
10.67333333
11.03
11.48333333
11.89333333
11.91
11.57
11.42333333
11.21
11.37
11.20666667
11.06
10.93333333
10.88666667
11.26
11.49
11.74
11.60666667
11.6
11.67333333
11.64
11.75666667
12.16
12.51666667
12.42333333
11.77
11.33666667
11.21666667
11.51666667
11.87
11.94
11.77
11.77
11.76
11.71333333
11.37333333
11.27666667
11.69666667
12.20666667
12.8
12.96333333
12.86
12.33
11.81666667
11.49666667
11.77666667
12.09666667
12.18
12.35333333
12.35666667
12.71666667
13.10333333
13.99666667
14.96333333
15.6
15.46333333
15.01333333
14.67
14.5
14.57
13.20666667
12.07666667
10.81666667
10.65666667
10.67666667
10.43
10.50666667
10.46
10.57666667
10.57
10.26666667
10.1
9.98
10.25666667
10.40333333
10.47333333
10.49
12.22
13.63333333
14.09666667
12.54333333
11.23
10.55666667
10.24333333
9.94
10.06
10.2
10.22666667
10.01666667
9.903333333
10.09
10.30333333
10.33333333
10.41666667
10.77333333
10.86
10.84
10.65333333
10.64
10.55
10.53666667
10.66
10.69666667
10.41666667
10.13333333
10.32666667
10.33
10.84333333
10.88333333
11.28
11.15666667
11.61
11.6
11.61333333
11.06333333
10.76666667
10.36333333
9.903333333
9.743333333
9.74
9.833333333
9.753333333
9.576666667
9.456666667
9.406666667
9.486666667
9.713333333
10
10.22
10.21333333
10.21
10.27
10.25
10.13333333
10.30666667
10.66666667
12.70333367
14.22000033
14.626667
13.29333333
12.03666667
13.11
13.85
14.33333333
12.93333333
12.26333333
11.94333333
11.92
11.61
11.43333333
11.41333333
11.17
10.64666667
10.98333333
11.33
11.80333333
11.76666667
11.46666667
11.14333333
10.60333333
10.50666667
10.37
10.25333333
10.16666667
10.03666667
9.876666667
9.68
9.823333333
9.99
10.08333333
9.863333333
9.643333333
9.503333333
9.49
9.53
9.443333333
9.49
9.723333333
10.02
10.08666667
9.946666667
9.79
9.81
9.943333333
10.09666667
10.14333333
10.03
10.36333333
10.73333333
11.15333333
11.23
10.77666667
10.53333333
10.16
10.29333333
10.10333333
9.756666667
9.49
9.476666667
9.69
10.05666667
10.52333333
11.09666667
11.46
12.07333333
12.16
12.10666667
11.28
10.60333333
10.08666667
9.76
9.806666667
9.856666667
10.2
10.67
11.13666667
11.46333333
11.48
11.34333333
10.83666667
10.25333333
9.693333333
9.613333333
9.813333333
10.19666667
10.03
9.813333333
9.66
9.76
9.79
9.746666667
9.923333333
10.20666667
10.3
10.56333333
10.33
9.986666667
9.38
9.196666667
9.32
9.606666667
9.806666667
9.926666667
9.953333333
10.56666667
11.24333333
11.93
11.8
11.50666667
11.13333333
11.2
11.38333333
11.37666667
12.16666667
13.23666667
14.05666667
13.93333333
14.773333
22.69999967
28.203333
31.67666667
30.38999967
30.08333267
29.37666633
26.54666633
23.28
21.11999933
19.28333267
19.72999933
20.02666633
19.77999967
18.40999967
17.003333
16.96
18.08
20.303333
20.63666633
20.263333
18.89333367
18.28333367
17.553334
16.31333367
15.65333367
15.59
16.45333333
16.72333333
16.54
17.13666667
17.67333367
18.36000067
19.80000067
22.023334
23.08000067
22.80000067
22.133334
21.78
22.15333367
21.56333333
21.59333333
20.03333333
20.16333333
20.73333367
21.243333
20.82666633
19.733333
18.71333333
17.48666633
16.40666633
15.803333
15.60333333
16.14666633
16.393333
17.07999967
17.4
17.36666667
16.49666667
15.86
15.61
15.79666667
15.78666667
15.54666667
15.14
14.74333333
14.29333333
13.78666667
13.1
12.93666667
13.40333333
13.66
13.82666667
13.42333333
13.31
13.24
12.96
12.77666667
12.77666667
14.25666667
15.06
15.79666667
14.61
13.87666667
12.86666667
12.26
12.05666667
11.98333333
12.22
12.29
12.54333333
12.46666667
12.34666667
12.13666667
12.54666667
12.81666667
13.59333333
13.73333333
15.24666667
15.67333333
17.05333333
16.89333333
16.95
16.18
15.943333
15.56999967
14.82666633
13.67666667
12.9
12.98666667
12.95
12.79666667
12.53
12.35666667
12.33
12.34333333
12.61
12.78333333
12.63
12.44
12.28
12.48666667
13.14333333
13.37333333
13.41333333
12.72333333
12.32666667
11.7
11.28
11.01666667
11.01666667
11.76
13.07
13.75
14.24333333
13.8
13.57666667
12.86
12.66333333
12.53333333
12.50666667
12.21666667
12.18666667
12.21666667
12.30333333
12.76
12.88
13.18333333
13.31
13.90666667
14.48
14.56333333
14.08666667
13.50666667
12.91
12.52666667
12.70666667
12.84666667
12.74
12.11333333
11.74333333
11.89333333
12.1
12.50333333
12.57333333
12.47333333
12.17666667
12.05666667
11.88666667
12.62666667
13.55
14.91
15.48666667
18.19999967
21.29666633
23.08333267
22.52999933
20.07666633
18.77333333
18.36
19.116666
19.86333233
20.079999
21.85999933
23.386666
24.53666633
24.36
24.07000033
23.09333367
21.30666667
20.02666667
19.603333
19.793333
18.74333333
17.66333333
16.81333367
18.176667
19.27666733
20.57333367
20.41666667
19.78999967
19.40666633
20.23999967
21.12666633
21.59999967
20.40666633
19.81333333
18.80333333
18.766667
18.45000033
17.76666733
18.416667
19.45666733
21.72000033
22.35333333
22.543333
21.95333267
21.28999967
21.246666
22.26666633
23.90999967
25.22666667
26.513333
28.02333333
31.52
32.196667
32.14666633
29.56999967
27.90666633
25.65999967
24.69666667
23.34999967
22.74333333
21.08333267
20.61666633
19.983333
19.22333367
18.92000033
18.62000033
18.90333367
18.56666667
18.29999967
18.88666567
19.37333267
19.736666
18.60999967
18.39333333
18.47333333
18.55333333
17.78666633
16.78999967
16.14666633
15.813333
15.56
15.77333367
15.82333367
16.02000033
15.70666667
15.68333333
15.76666633
15.593333
15.33666633
14.60333333
14.45333333
13.99666667
14.27333333
14.51
14.90666667
14.88333333
14.35
14.32666667
14.31333333
15.03666667
15.69
16.12666633
15.65666633
14.71666633
13.83666667
13.56
13.26333333
13.16
13.18
13.52333333
13.7
14.67333333
15.48
15.83
15.38666667
14.75333333
14.43
13.84666667
13.49
13.5
13.56
13.38
13.19333333
13.42666667
13.58666667
13.53333333
12.77666667
12.45
12.17
12.36666667
12.29
12.37
12.26333333
12.61333333
12.89
13.04
13.03
12.98666667
13.67666667
14.11333333
14.03
14.24333333
15.87666667
18.05333333
19.27333333
18.18000033
18.56333333
18.21666633
18.34999967
16.59666667
15.896667
15.853333
15.73999967
15.33666633
15.54
15.84
16.75666667
17.08333333
17.56666633
17.96999933
18.28999967
18.17999967
17.30666667
16.32999967
16.10666633
16.05666633
16.07666633
15.94666667
15.90666667
15.67
15.48333333
15.26
14.94333333
14.74333333
14.82666667
15.13666667
15.646667
15.91666667
16.10333333
15.703333
14.98666667
14.02333333
13.18666667
12.92666667
13.27
13.77666667
13.69333333
13.35
12.78333333
12.66666667
12.64333333
13.17
13.45333333
13.98333333
13.83666667
13.53
12.73666667
12.47333333
12.32333333
12.57666667
12.97666667
14.296667
15.97666733
17.200001
20.023334
20.79000033
21.41666667
18.85666667
18.123333
18.65666633
18.85999967
20.23666667
20.26666667
20.583333
18.84333267
17.616666
16.72666633
16.66
17.45000033
18.62333367
19.83333333
19.65999967
19.17999933
18.73666633
18.83999967
18.65666667
17.75333333
16.2
15.51333333
15.15666667
15.02666667
14.67666667
14.19
14.21
14.28333333
14.35333333
14.14666667
14.44
14.76
15.75999967
15.973333
16.35999967
16.41666633
16.50999967
17.33999933
18.45333267
19.413333
18.906667
18.00666767
18.39333433
18.926667
18.83
17.263333
15.90666667
14.56333333
13.93
13.67
13.90666667
14.01333333
14.23666667
14.15666667
14.06
13.45666667
13.15666667
12.98666667
12.88
12.91666667
12.61666667
12.78333333
12.74333333
12.85
12.81666667
12.47333333
12.49666667
12.48
12.79
12.91
12.7
12.52
12.45666667
12.7
12.92333333
12.75
12.44666667
11.91666667
11.72
11.97
13.09333333
14.49666667
15.22333333
15.09333333
14.31333333
14.66666667
15.05333333
15.51
14.87
13.85333333
12.90333333
12.35333333
12.33666667
12.45666667
12.53
12.54
12.59666667
12.64333333
12.91666667
13.63333333
14.01
13.69
13.42333333
13.44666667
13.88666667
13.69666667
13.26
12.85
12.47333333
12.42333333
12.37666667
12.37666667
12.28
12.42333333
12.62
12.91333333
13.48333333
15.25666667
16.356667
16.96666667
16.05333333
16.90666633
17.433333
17.61999933
16.38999933
15.38666633
15.19333333
15.15666667
15.23
14.65333333
14.35666667
13.85666667
14.22
14.29666667
14.92333333
15.67333333
19.22333367
23.32000033
26.81333333
31.523333
35.61
37.563333
36.783333
34.076666
36.143333
37.84999933
45.339999
47.899999
51.88666667
58.89000067
62.40000167
71.99666833
72.143336
78.350001
74.786667
71.496666
66.54333367
63.09999967
62.403333
62.20666633
63.49666733
61.20666767
58.72000133
55.89333467
53.83666733
51.59
47.65000033
46.24666733
45.096667
43.90666567
42.06333133
40.199998
39.923332
39.56999967
39.700001
40.69666833
42.46333467
43.74000067
42.92333367
39.76333367
36.86666733
34.26333367
32.696667
32.983334
34.19000033
35.77000067
35.59000033
34.566667
33.056667
31.18
28.996667
29.53000033
31.96333333
33.64333367
33.25999967
31.26666633
30.573333
29.27333333
29.35000067
28.56000033
28.566667
27.93000033
28.07333367
27.906667
28.11
27.52666667
26.91
26.103333
25.32999967
25.37999933
25.96666633
26.983333
31.976667
34.816667
37.09333433
34.72
33.846667
33.35999933
33.843333
33.276666
32.75333333