21.23750025
22.3325
23.36749975
23.8024995
24.82999975
24.755
23.795
24.42500025
24.565
24.82749975
25.6099995
25.5049995
25.935
26.40000025
26.33250075
25.98000075
25.4500005
24.77250075
24.60500075
24.46000075
24.32250075
24.11000075
24.03250025
23.9
23.46999975
22.47499925
21.57499975
21.33
21.79
22.4975005
23.2250005
23.42
23.1200005
22.98250025
22.535
21.98000025
21.81500025
21.455
20.755
20.355
19.9224995
19.80249975
20.2899995
20.2674995
19.8949995
19.28249975
18.59250025
18.445
18.76750025
20.0475
20.5899995
20.72249975
20.94999975
20.20749975
19.70749975
19.74249975
20.19999975
20.3675
21.2600005
21.63000025
21.36000025
21.82499975
21.73999975
20.87
20.37999975
19.9925
19.6649995
20.8999995
21.5649995
22.2099995
23.15499975
22.9125
22.5125005
21.7425005
21.25000075
20.7050005
20.09750025
19.86500025
18.76999975
18.21
18.015
17.8075
18.015
18.34249975
18.8824995
19.29499925
19.5074995
19.28749925
18.6524995
17.9175
17.22499975
17.2575
17.235
17.36
17.51000025
17.73750025
17.8025005
17.7200005
17.6625005
17.57250025
17.95499975
17.9674995
17.91499925
17.7124995
17.05499975
16.84999975
16.97499975
16.92999975
16.81999975
17.0974995
16.55999975
16.02749975
15.73249975
16.14500025
16.6025
16.85750025
17.17750025
16.3825
15.99250025
15.985
16.01250025
16.28000025
16.50750025
16.60750025
16.81
16.6675
16.82999975
16.93749975
16.89499975
16.88999975
17.35
17.71749975
17.43749975
19.19249975
19.915
20.3225005
21.4800005
20.84000075
20.6825005
20.9125005
21.25750025
21.085
22.98
26.67999975
29.4575
31.4175
30.32999975
27.78999975
26.03749975
25.01499975
24.74499975
25.09749975
25.545
26.11499975
27.5125
28.35999975
30.59499975
32.4625
32.64499975
32.28750025
30.01499975
29.0049995
29.07249975
29.1874995
29.47249975
29.54750025
29.25500025
29.19500025
29.16
28.6425
28.7925
29.09749975
29.38999975
29.5649995
29.20249925
28.7274995
28.85
29.28499975
29.51749975
29.4
29.05749975
28.69500025
28.50750025
28.28000025
28.08750025
27.6875
27.63500025
27.82500025
28.5275
29.44750025
30.98000025
31.95500025
32.18750025
32.25250025
31.6000005
31.01500025
30.07000075
29.0250005
28.07500025
27.7450005
28.0400005
28.9100005
29.90250075
30.4625005
30.7125005
30.5875005
30.2100005
30.0425005
29.8100005
29.96500075
30.15500075
29.4325005
28.55500025
26.9825
25.0074995
23.90999975
22.84499975
21.9375
21.23750025
20.86750025
20.77750025
21.23
21.92250025
22.39
23.1225
22.9725
22.83
22.5975005
21.85500075
21.970001
22.04500075
22.4325005
23.13500025
22.80000025
22.915
22.9825
23.2575
23.715
23.72250025
23.5425
22.995
23.225
23.5
23.92
24.51749975
25.10499925
25.7149995
26.49499975
27.03000025
27.67250075
28.61250025
29.955
30.98999975
31.90999975
33.36500025
34.0800005
34.54750075
33.25250075
30.55000025
27.59250025
25.5175
24.63499975
24.00250025
23.4700005
23.00750025
22.82000025
22.44750025
22.125
21.6225005
21.29500075
21.31750025
21.76000025
22.4
22.7799995
23.0549995
22.9499995
22.26499975
21.79
21.04250025
20.43750025
20.7875
20.61250025
20.97250025
21.7275005
21.25750025
21.3775
21.4325
21.02499975
21.14500025
20.9425005
20.77250025
20.7275
20.7149995
20.822499
20.38999925
19.1499995
17.68249975
16.1875
15.43
15.43500025
15.7100005
16.20000075
16.37500075
16.5375005
16.605
16.5274995
16.62499925
16.78999925
17.0624995
17.3275
17.61000025
17.6625
17.665
18.2925
18.7225
18.62500025
18.8850005
17.98000025
17.00250025
16.56000025
16.0125
15.8075
16.04750025
16.43500025
16.55
16.9175
17.03999975
17.35249975
17.7325
17.8875
17.95
17.6925
17.6125
17.53499975
17.6
17.5825
17.48750025
17.5375005
17.59250025
17.895
17.81999975
17.5649995
17.3399995
16.76249975
16.49249975
16.36000025
15.89250025
15.79250025
15.72750025
15.705
15.88
16.18000025
16.24750025
16.34250025
16.59250025
16.62
16.94499975
17.17499975
17.3724995
17.3749995
17.00249975
16.54749975
16.15249975
16.265
16.4575
16.71
17.2450005
17.34750025
17.65500025
17.9950005
18.3125
18.50999975
18.4224995
18.822499
18.52249925
18.93499975
19.4675
19.3975005
19.15750025
18.65750025
18.1625005
17.73750025
17.7700005
17.14000025
16.57
16.4225
16.1875
16.3475
16.4075
16.045
15.8175
15.5825
15.4425
15.4475
15.345
15.4575
15.5475
15.57
15.75
15.6325
15.5625
15.355
15.1325
15.0675
15.255
16.87000025
17.8125005
17.9200005
17.5650005
15.87000025
14.8575
14.8175
14.9975
15.1
15.0125
15.29
15.7575
16.37999975
16.95499975
17.24499975
17.5049995
17.6674995
17.52999925
17.567499
17.46749925
17.3974995
17.7349995
17.6549995
17.4699995
17.14499925
16.76499975
16.295
15.8625
15.845
15.79749975
15.57999975
15.69499975
15.87750025
15.82250025
16.76500025
17.265
17.64
18.18249975
17.93749975
17.66249975
17.08249925
16.3449995
16.0249995
15.81499975
15.925
16.34999975
16.33499975
16.27249975
16.04499975
15.77
15.5925
15.5525
15.485
15.5225
15.7225
15.9775
16.22499975
16.31749975
16.08749975
15.68999975
15.0825
14.5775
14.21
15.7825
16.84250025
18.44000025
20.05000025
19.5325005
20.2625005
20.6575005
20.50750025
20.69
20.45499975
20.01999975
19.99500025
19.9200005
19.90250075
19.617501
19.62750075
19.71500025
19.81
19.81999975
19.3549995
18.7875
18.17500025
17.8500005
17.8700005
17.87750025
17.50000025
16.9725
16.34250025
15.85500025
16.10999975
17.0199995
17.89749975
18.65999975
18.99249975
18.9725
18.9149995
18.96749925
18.83999975
18.53499975
18.1075
17.715
17.5124995
17.0899995
16.9424995
17.07499975
16.8525
16.88749975
16.84249975
16.52999975
16.75999975
17.05000025
17.36250025
17.54500025
17.6775005
17.7625
17.94499975
18.2925
18.36999975
18.51999975
18.39000025
18.03500025
17.7700005
17.387501
17.5175005
17.46500025
17.28249975
17.24249975
16.96999975
16.76749975
16.74749975
16.6574995
16.54499975
16.6774995
16.83249975
17.1774995
17.62499925
18.3424995
18.9474995
19.14499975
19.47500025
19.4675
19.135
19.07999975
18.32999975
17.57250025
17.11500025
16.7050005
16.69000025
16.5975
16.51500025
16.3825005
16.2050005
16.1175005
16.11500025
16.1625
16.42249975
16.6099995
16.74499925
17.327499
18.09999925
18.39249925
18.4249995
17.96999975
16.92749975
16.2425
15.7425
15.4775
15.61500025
15.81750025
16.06250025
16.00750025
15.9975
16.0675
16.0975
16.0525
16.08250025
16.25250025
16.43000025
16.75
16.7325
16.415
16.0425
15.76000025
15.4225
15.3825
15.295
15.03
14.625
14.1575
13.9325
13.71
14.0475
14.14
14.1025
14.135
14.0125
14.1575
14.3025
14.2525
14.3075
14.4625
14.8675
15.60750025
16.0175005
15.9575005
15.6550005
15.30500025
15.7525
16.56500025
16.9525
17.3125
16.425
15.47499975
14.9975
14.5
14.17
13.9075
13.6425
13.445
13.86
14.48
15.0275
15.2075
14.915
14.46
13.9525
13.4325
13.075
12.7225
12.5125
12.5325
12.8575
13.04
13.2175
13.5425
13.4125
13.44
13.4725
13.29
13.485
13.52
13.6
13.865
13.8925
14.125
14.4425
14.605
14.955
14.9925
14.8725
14.6125
14.365
14.32
14.42
15.00750025
15.32500025
15.33000025
14.99250025
14.23
13.72
13.445
13.2125
13.1475
12.9975
13.06
13.2175
13.2275
13.1
12.9375
13.005
13.455
13.915
14.1
14.055
13.845
13.725
13.65
13.9875
14.315
14.6
14.81
15.18749975
15.8375
17.0975
18.51500025
19.6925005
20.06000025
20.18500025
20.07
19.29
19.08
18.23000025
17.61000025
17.4625
17.07500025
16.95250025
16.66000025
16.44750025
16.31
16.21499975
16.24249975
15.995
15.9525
16.06
16.405
16.60750025
16.41500025
15.92000025
15.14500025
14.6675
14.32
14.24
14.335
14.4575
14.7125
14.7575
14.6875
14.39
13.9875
13.515
13.0575
12.785
12.6875
12.7225
12.7375
12.6
12.3
12.1
11.8925
12.03
12.265
12.35
12.5825
12.54
12.4975
12.4475
12.1975
12.0075
11.8
11.6425
11.62
11.7625
11.8975
12.17
12.42
12.705
12.97
13.1625
13.7
13.8025
13.68
13.5325
12.9575
12.5125
12.19
11.8675
11.7775
11.8175
11.8475
11.8
11.63
11.455
11.535
11.72
11.98
12.2
12.26
12.28
12.2475
12.39
12.6325
12.9725
13.2575
13.205
12.995
13.565
14.1825
14.9
15.56
15.295
15.08
14.87
14.555
14.17
13.81
13.2525
13.095
13.165
13.285
14.21749975
14.47749975
14.59499975
14.63999975
14.5
14.6425
14.7925
14.86
14.4875
14.11
13.8975
13.52
13.0875
12.8
12.4375
12.34
12.2875
12.4
12.6025
13.07
13.5425
13.97
14.125
13.7075
13.16
12.525
12.055
11.5875
11.4275
11.5175
11.5625
11.85
12.1975
12.5225
13.35
13.805
13.915
13.775
13.0675
12.81
12.565
12.46
12.66
12.6875
13.0825
13.325
13.41
13.8475
14.015
14.21
14.3675
14.25
14.1475
14.2425
14.22
14.1575
13.8825
13.53
13.3725
13.28
13.43
13.54
13.3875
13.4875
13.8025
13.9075
14.02
13.68
13.0775
12.585
12.225
11.9625
11.94
12.005
11.95
12.045
12.0475
11.7975
11.6625
11.475
11.2275
11.2925
11.3475
11.9925
12.44
12.6225
12.49
11.735
11.2275
10.8625
10.8125
10.84
10.95
11.0175
11.36
11.5425
11.5075
11.575
11.4175
11.3375
11.32
11.4225
11.455
11.485
11.6
11.675
11.89
12.115
12.265
12.275
12.2875
12.2375
12.1625
12.0425
11.8275
11.6875
11.59
11.73
11.8
11.9175
12.0475
11.9875
11.9725
11.91
11.745
11.735
11.59
11.8525
12.2925
12.4925
12.6275
12.4425
12.42
12.4275
12.8425
13.15
13.5125
14.66249975
14.75999975
14.75249975
14.21999975
13.0175
12.6275
12.445
12.575
12.41
12.575
12.66
12.5825
12.91
12.7075
12.53
12.4625
12.0225
11.7625
11.415
11.145
11.2025
11.2825
11.365
11.4025
11.4575
11.585
11.7875
11.8875
11.795
11.7825
11.715
12.06
12.865
13.6625
14.305
14.475
14.235
13.9625
13.7175
13.8475
14.195
14.6175
14.9475
15.09
15.2875
14.9625
14.6775
14.3625
13.9175
13.79
13.87
13.805
13.4475
13.2175
12.8625
12.6
12.535
12.475
12.1175
11.785
11.435
11.01
11.035
10.94
10.7025
10.305
9.905
9.6425
9.5775
9.865
10.1675
10.6575
11.345
11.7075
11.77
11.6725
11.27
10.9775
11.065
11.16
11.44
11.5425
11.69
11.685
11.605
11.6075
11.41
11.4025
11.3075
11.31
11.1125
10.6975
10.51
10.38
10.4575
10.66
11.815
12.6425
13.405
14.0425
13.79
13.915
14.07
14.095
13.8175
13.65
13.755
13.785
13.98
14.5225
14.5475
14.885
15.365
15.395
15.78500025
16.06750025
15.67500025
15.71250025
15.225
15.36249975
15.51499975
15.61
15.7025
15.19250025
14.66500025
13.8425
13.7325
13.4525
13.34
13.3675
13.2
13.5775
14.6225
15.9125
17.60750025
19.8500005
20.26000025
19.9575
19.08999975
17.3524995
16.9725
16.73250025
16.74250025
16.58000025
16.4225
16.62249975
16.59999975
16.78499975
16.52249975
15.9525
15.285
14.4825
14.3775
14.085
14.0475
14.05
13.995
14.1925
14.435
15.0225
15.2475
15.495
15.59
15.185
15.055
14.6875
13.96
13.4075
12.9375
12.79
12.835
12.86
12.7875
12.5375
12.6125
12.685
12.7425
12.6675
12.6675
12.75
12.8975
13.1525
13.0675
12.785
12.355
11.9325
11.565
11.6625
12.2525
13.0475
13.7475
14.2
14.88999975
15.09749975
15.35249975
15.42749975
14.99
14.6975
14.6675
14.7375
14.4975
14.2225
13.95
13.625
13.2275
12.8225
12.185
11.695
11.5025
11.5175
11.61
11.555
11.5075
11.4975
11.5675
11.77
11.6875
11.565
11.4
11.23
11.4925
11.785
12.07
12.3675
12.3
12.2475
11.9175
11.7975
11.6675
11.52
11.765
11.9575
12.265
12.3175
12.1925
11.99
11.8825
11.9
11.815
11.8025
11.72
11.615
11.73
11.69
11.69
12.12
12.7
13.19
13.4975
13.1875
12.885
12.7075
13.0475
13.7
13.9725
14.34
14.3675
14.2775
14.1175
13.9775
13.9075
14.235
15.0875
15.575
16.065
15.935
15.45
14.8575
14.425
14.42
14.07
14.3725
14.3925
14.45
15.1175
15.405
15.99999975
16.2499995
16.1774995
16.1174995
15.51499975
15.1225
14.9075
14.825
15.08
15.6275
16.26000025
16.5
16.71
16.5225
16.30499975
16.4
16.46
16.35
16.2025
16.0325
15.89999975
16.31999975
16.94499975
17.305
17.48000025
17.20750025
16.59250025
16.40500025
16.335
16.3225
16.34749975
16.24499975
16.645
16.63000025
16.4825005
16.03250025
14.75250025
13.96
13.2925
12.9275
12.915
12.71
12.6175
12.3175
12.09
12.28
12.39
12.735
13.28
13.46
13.62
13.6025
13.3725
13.12
12.7825
12.7075
12.15
11.805
11.715
11.4
11.59
11.8425
12.0925
12.185
12.085
11.86
11.475
11.555
11.68
11.8
11.77
11.45
11.265
11.125
11.1975
11.36
11.375
11.435
11.4375
11.41
11.4925
11.5675
11.7225
11.69
11.575
11.3575
11.4725
11.5625
11.6875
11.9825
11.7175
11.8225
12.465
12.89
13.3675
13.42
12.9025
12.4975
12.2625
12.155
12.0675
11.8775
11.655
11.49
11.3975
11.36
11.435
11.445
11.715
12.0725
12.4575
13
13.0275
13.1125
12.9725
12.81
12.8525
12.795
12.6025
12.26
12.145
12.2025
12.465
12.62
12.5025
12.2425
12.0725
12.1175
12.135
12.0925
12.025
11.925
11.865
12.0875
12.0675
12.1525
12.4175
12.5275
12.7575
12.6625
12.57
12.35
12.195
12.5175
12.625
12.495
12.2925
11.825
11.53
11.66
11.9025
12.3
12.445
12.64
12.8725
12.91
13.0675
13.045
12.8725
12.6
12.2125
11.8125
11.43
11.14
11.12
11.0875
11.11
11.2825
11.26
11.42
11.6825
11.7575
11.875
11.77
11.57
11.66
11.6425
11.74
11.895
11.9325
12.13
12.3275
12.3
12.3025
12.395
12.6275
12.8025
12.83
12.7975
12.6175
12.7175
12.92
13.0775
13.2575
13.3525
13.4725
13.6225
13.5525
13.4375
13.2875
13.03
12.9775
12.9275
12.9725
12.8725
12.735
12.5425
12.24
12.5075
12.545
12.805
13.0325
12.76
12.73
12.6
12.3725
12.17
11.8725
11.6225
11.5275
11.61
11.5775
11.5425
11.495
11.37
11.355
11.3725
11.5925
11.9225
12.235
12.465
12.495
12.6325
12.77
12.87
12.87
12.75
13.0125
13.4125
14.0125
14.7625
14.77
14.8575
14.885
14.5925
14.6575
14.3625
14.275
14.14
14.0925
14.0625
13.7725
13.8075
13.7575
13.9925
14.525
14.64
14.7425
14.5775
14.0325
13.6725
13.1725
12.9
12.81
12.5525
12.6025
12.66
12.6975
13.0025
13.125
13.025
12.8475
12.595
12.2925
12.1025
11.9475
11.9625
11.92
11.88
11.8075
11.4775
11.25
11.25
11.53
11.9375
12.0525
11.905
11.3875
10.7925
10.78
10.875
11.855
12.555
12.8375
12.67
11.91
11.4925
11.4375
11.8075
12.06
12.235
12.265
12.6475
12.9125
13.1425
13.92
14.575
14.8525
15.1325
15.0775
14.5
14.39
14.2275
13.655
13.4675
13.295
13.035
13.095
12.76
12.4175
12.3875
12.285
12.4475
12.7075
12.9675
13.4825
13.8475
14.0125
14.305
14.33
14.5375
14.9625
15.33749975
15.50749975
15.9724995
15.6924995
15.29999975
15.15249975
15.04749975
15.5874995
16.12749925
16.6924995
16.7774995
16.78749975
16.6325
16.5124995
16.45499975
17.4625
18.2875
18.92000025
19.33
18.38749975
17.6725
17.22749975
17.2825
17.715
18.01499975
17.94999975
17.82249975
17.6074995
17.64499925
17.9224995
18.18249925
18.2074995
17.8475
17.39
16.71500025
16.92
17.13749975
18.1099995
18.9774995
18.6424995
18.5199995
17.5775
16.9325
16.69000025
16.26250025
15.995
15.48
15.105
15.005
14.8475
14.9575
15.1875
15.525
16.49250025
16.8050005
17.0775005
17.27750075
16.5675005
16.64000025
16.31250025
15.885
15.665
15.315
15.34
15.3325
15.5575
15.66
15.6075
15.8675
15.8025
16.0325
16.445
16.4075
16.54
16.52500025
16.28250025
16.2875005
16.4800005
16.29000025
16.4400005
16.60000025
16.64000025
16.8950005
17.36
17.55499975
17.6675
17.7725
17.355
16.94000025
16.555
16.02749975
15.5925
15.19
14.6325
14.22
13.96
13.965
14.5675
15.2275
15.5525
15.8775
16.30749975
16.47499975
17.63
18.7775
19.13
19.34
18.62749975
18.70499975
19.28749975
20.165
20.69749975
19.9575
19.59250025
19.36500025
19.38250025
19.71
18.73500025
17.94250025
17.3100005
16.6800005
16.6425005
16.24500025
15.90500025
15.94750025
15.9275
15.85
15.66
15.375
15.0675
14.8325
14.5575
14.285
14.4475
14.595
14.9425
15.45249975
15.85999975
16.6999995
17.58499925
18.6574995
18.6799995
18.1525
17.55500025
16.4425
16.16
15.86999975
15.66499975
15.585
15.5575
15.76500025
15.82000025
16
16.14750025
16.19499975
16.31
16.22000025
16.34500025
16.55250025
16.72000025
16.88750025
16.35
15.86500025
15.565
15.395
15.76
15.75
15.6375
15.5725
15.4075
15.4925
15.48
15.5175
15.7175
15.97750025
16.43
16.75750025
17.24250025
17.70000025
18.0975005
18.3025005
18.19000025
18.13000025
17.92250025
17.63749975
17.46749975
16.9024995
15.9999995
15.59749975
15.0175
14.52
14.6
14.54
14.625
15.1625
15.515
15.465
15.635
15.89249975
16.1899995
16.74499925
17.24999925
17.6774995
17.91999975
18.16999975
18.39249975
18.15999975
18.1474995
18.53249975
18.94
19.775
20.80250025
21.07500025
20.8175
20.2375
19.4525
19.135
18.95
18.905
18.97499975
18.97749975
19.53749975
20.1749995
20.1749995
20.26999925
19.87749925
19.6524995
20.09749975
20.03249975
20.15499975
19.91249975
19.53499975
19.53000025
19.2275
19.06
18.66249975
18.0324995
17.9924995
18.1749995
18.76249975
19.67499975
20.115
20.14999975
19.9774995
19.6874995
19.4874995
19.8849995
20.05749975
19.88749975
20.19249975
19.91999975
19.74999975
19.83249975
19.46499975
19.39750025
19.6800005
20.2250005
20.56750025
20.6025
20.44499975
20.27749975
20.41
20.725
20.95249975
20.9225
20.525
20.37
19.97750025
19.5725
19.5125
19.29500025
19.4125005
19.61500025
20.0400005
20.45250025
20.94
21.2925
20.9775
20.67749975
20.05749975
19.3325
19.53499975
20.05499975
20.44999975
21.1949995
21.36749975
20.64
20.0575
19.3425005
18.685
18.63
18.9425
19.10499975
19.0275
18.68499975
18.4224995
18.3374995
18.7999995
19.26999975
19.7125
20.2325
20.495
20.95
20.78249975
20.5899995
20.26999975
19.31249975
19.39249975
19.59
19.95749975
20.89499975
20.89000025
20.74000025
20.6075
20.565
20.51499975
20.84499975
21.0125
20.555
20.39750025
19.69750025
18.84750025
18.8725005
18.8725005
18.9350005
19.21250075
19.5850005
19.76750025
20.03750025
20.33000025
19.8525005
19.71500025
19.4500005
19.07250025
18.965
18.91750025
19.1
19.43
19.91500025
20.12250025
20.2300005
20.48500075
20.5575005
20.9075005
21.31250025
21.31999975
21.5175
21.3925
20.86250025
20.0125005
19.4125
18.8525
19.02749975
19.55249975
19.53499975
19.73999975
19.38999975
19.25
19.6200005
20.29500075
21.42250075
22.0250005
22.215
21.8849995
21.2124995
21.2299995
21.40999975
21.51749975
21.68249975
21.795
21.77500025
21.58750025
21.23
20.59999975
20.72999925
21.2624995
22.18749975
23.37499975
23.53750025
23.9575005
24.11250075
23.6425005
23.13750025
22.9825
23.07499975
23.44
24.35
24.4575
24.4
24.565
24.51500025
24.6875005
24.8775005
24.76500025
24.7325
24.4674995
24.30999925
24.7299995
24.9224995
25.38499975
25.1675
24.695
24.2725
23.5225
23.1
22.575
22.36499975
22.4199995
22.4649995
22.5224995
22.58999975
22.43
22.4325
22.26000025
21.9350005
21.42750075
21.05250075
21.24500025
20.78
20.77249975
20.57749975
20.01249975
20.2075
20.56500025
20.7475
20.6175005
20.4500005
20.77500025
21.3875005
24.2850005
27.125
29.815
33.57250025
34.565
34.78250025
34.40500075
32.9000005
32.2700005
33.3150005
34.41250025
35.4625005
36.7800005
36.87250025
36.13
34.92999975
33.3574995
31.67999975
30.09499975
28.86249975
28.42499975
28.18
28.58750025
28.78250025
27.8350005
27.01250025
25.755
24.8575
24.0175
23.40749975
23.2675
23.44499975
24.6899995
25.86499975
26.86749975
27.25750025
26.9325005
26.75000075
27.2025005
27.815
28.69750025
29.4675
29.49
29.0475005
27.6775
26.1125
24.65
24.0425
24.36250025
24.62750025
25.27500025
26.35750025
26.94750025
26.97250025
26.40750025
25.09750025
23.50500025
22.62500025
22.3200005
22.24750025
22.66500025
23.245
23.17999975
22.9049995
22.4874995
21.8624995
21.63499975
21.2875
21.01249975
20.96750025
20.755
20.97499975
21.0025
20.7749995
20.5799995
20.15249975
20.17749975
19.9975
20.03499975
19.82499975
19.38249975
19.30499975
18.99000025
18.8975
18.78749975
18.7475
18.8525
19.09000025
19.6850005
19.6725
19.96999975
19.93249975
19.4224995
19.19999975
18.8199995
18.5899995
18.53249975
18.5425
18.30500025
18.3500005
18.6800005
19.23500025
20.4300005
21.46
22.33249975
23.36999975
23.78999925
23.92999975
23.5575
22.8475
22.41
22.48249975
22.77999975
22.70249975
22.7775
22.26500025
21.695
21.83249975
21.32999975
21.02499925
20.7799995
20.125
20.085
20.48
22.025
23.20749975
23.7525
23.55500025
21.86750025
20.90500025
20.57499975
20.9775
21.98999975
22.05249975
21.94999975
21.4974995
20.76
20.52749975
20.37500025
20.5525005
20.54
20.6025
20.3374995
19.66249925
20.0824995
20.75749975
21.0975
21.68
21.87
21.7225
22.25
22.22499975
21.4625
21.1075
20.525
20.59000025
21.5375
22.08750025
23.4425005
24.27250025
24.1025
24.00749975
23.0024995
22.2875
21.60750025
21.01250025
20.59500025
19.95000025
19.80000025
19.7225
19.16
18.73749975
18.5024995
18.23
18.185
18.3075
18.13000025
18.04
18.05499975
17.9874995
17.74999925
17.24249925
17.1074995
17.65999975
18.4975
20.1925
21.61
22.36749975
23.59999975
24.045
23.9575
24.375
24.5575
26.1249995
27.9174995
28.7675
29.0275
28.45000025
28.97000025
29.05749975
29.78249975
31.17999975
31.1675
31.13000025
30.8225005
29.7375005
30.0575
30.90749975
31.3174995
31.60249925
32.95499925
34.904999
38.39249875
39.727499
39.27999875
39.73749925
39.49499975
39.85000025
40.57500075
41.540001
41.64750125
41.81500075
41.04500125
38.70750075
37.58000025
37.5950005
38.0950005
38.2650005
36.57500075
35.5825005
34.57499975
34.13749975
35.04
36.61250025
38.8450005
40.245001
41.92750075
41.99000075
41.99750025
43.3150005
43.1625005
42.88000025
42.06000075
40.365
38.14999975
36.83749975
35.0625
33.6000005
33.56750025
32.7450005
32.53000025
32.34750025
32.28250075
32.505
31.8125
30.7299995
29.30749925
28.14249975
27.61
27.10000025
26.7100005
26.7925005
26.99250025
27.6075
28.5025
28.73750025
28.92000025
28.79000075
28.25250025
27.37
25.76249975
24.2349995
23.2725
22.435
22.34000025
23.38250025
23.80499975
24.62499975
26.2775
26.10249975
26.085
26.1225
25.36249975
25.73749975
26.4424995
27.87499925
28.81499925
29.60249925
29.66249925
28.09499975
26.705
24.9100005
22.9725005
22.08250025
21.9925
21.84249975
22.625
23.36
24.0275
24.59749975
24.59749975
24.585
23.86250025
24.11250025
25.30250025
26.73750025
29.1625
30.10750025
30.39250025
30.015
29.5
30.17750025
30.65
30.8075
30.51
29.55
28.33000025
27.94000025
27.54750025
27.48999975
28.29749975
28.79749975
29.32499975
30.19500025
30.4375005
29.8750005
29.7475005
29.32000025
29.37
30.12750025
30.0125
29.06750025
28.02750025
27.21749975
26.895
27.3974995
27.86749975
28.36999975
28.6275
28.32500025
27.2525
26.0825005
25.07750025
24.6075005
24.68000075
24.7550005
24.8100005
24.90000025
25.2
25.02249975
24.79249975
24.75499975
25.17999975
25.7975
25.8
25.56000025
24.6275005
23.6600005
23.3925005
22.8975
22.56
22.54
22.42749975
22.56
22.45499975
22.27499975
22.255
22.84250025
23.38250025
23.87500025
24.79750025
24.8175
24.66249975
24.3425
23.4275
23.05500025
23.06750075
23.5125005
24.08750025
24.4725
24.66999975
24.975
25.0075005
25.60000075
25.902501
26.152501
26.260001
25.9325005
25.84750025
25.90750025
26.32250025
26.6050005
26.6200005
26.02
25.29999975
25.39
26.345
27.12250025
28.0525005
27.495
26.92500025
26.585
26.105
25.61500025
24.90500025
24.3575005
23.78250025
24.25500025
24.785
25.4075
25.91
25.18
24.19250025
23.00250025
21.9775
21.80250025
21.645
21.97249975
21.96
22.1924995
22.4899995
21.99749975
21.48
20.48750025
20.04250025
19.85750025
19.995
19.81999975
19.56999975
19.47
19.33749975
19.5175
18.94
18.71999975
19.24000025
19.935
21.34249975
22.40499975
23.2024995
23.64499975
23.595
23.895
23.80999975
24.39999975
25.25499975
25.97499975
26.5675
26.82
27.1675
27.43000025
27.025
26.63250025
25.295
23.94999975
23.02
22.5874995
23.1074995
23.07749975
23.2974995
23.07249975
22.21499975
21.77999925
21.5999995
22.15749925
23.02999975
23.46
24.13500025
23.2225005
22.9700005
23.1925005
22.81250025
23.0750005
22.9375
22.925
23.31249975
24.1174995
24.2199995
24.28499975
24.5575
24.54250025
25.6775005
26.6175005
26.8050005
27.0225
26.685
26.08999975
25.72249975
25.32249975
24.8975
24.05999975
23.72249975
22.73
21.6899995
21.88499975
22.4799995
23.86999925
25.8999995
27.23749975
27.38749975
26.85
25.6675
24.0299995
23.28999975
23.37999975
23.425
23.35000025
23.0000005
22.4575005
22.18250025
22.63750025
22.8375
22.73
22.42250025
22.3075005
22.1225005
22.2250005
22.17000025
22.18
21.7975
21.51999975
21.04749975
20.14
19.9525
19.96250025
20.08750025
20.8925
21.79
22.585
23.0775
22.9375
21.875
20.975
20.69
20.56
21.02750025
21.25250025
21.41
21.86249975
22.07249975
22.17999975
22.0875
22.2675005
22.42500025
22.55500025
22.4975005
22.32000025
22.3975
22.5625
23.47249975
23.8649995
24.1749995
25.1549995
25.5674995
25.83999975
25.21749975
23.8924995
22.9149995
22.1924995
22.1899995
21.67749975
21.42749975
21.1474995
21.15749975
21.44749975
22.08999975
22.415
22.73500025
23.4150005
23.93250025
24.4150005
24.5200005
24.4150005
23.38250075
22.53000075
22.36500075
21.8975005
22.1200005
22.50250025
22.91
23.69249975
23.69749975
23.80749975
23.49499975
23.9
24.63500025
24.73
25.03249975
24.8325
24.53749975
24.40750025
23.72250025
22.68749975
21.3199995
20.85249925
21.51999925
22.2099995
22.9599995
22.8949995
22.52999975
22.67749975
22.71
22.5925
22.47250025
22.11
21.95000025
22.13000025
22.1025
22.19
22.8975
23.74000025
24.20000025
24.74000025
24.63500025
24.42750025
25.1825005
25.91750075
26.6775005
26.7675
26.48499975
26.19499975
26.65249975
27.905
29.7800005
30.20500075
29.490001
28.895001
26.9850005
26.5900005
26.37000025
26.3575
26.44250025
26.15000025
26.31
26.69250025
28.05249975
29.1949995
29.6075
29.53250025
28.8575005
28.63250075
28.6900005
28.1525
27.13500025
25.7525
24.8075
24.285
24.43
24.845
25.31750025
25.4075005
25.19250025
24.81
24.2475
24.08
23.52500025
22.7775005
22.55
22.39999975
22.4299995
22.7524995
22.6099995
22.42749975
22.22499975
21.90249975
21.5375
21.0825
20.82249975
20.6724995
20.65499975
21.02999975
21.4575
21.8500005
22.1475
21.72000025
21.0600005
20.3325005
19.84000075
20.0575005
20.3675005
20.2875
20.4125
20.15000025
19.92250025
20.12500075
19.87250075
19.70750075
19.6375005
19.54250025
19.4475005
19.3200005
19.3625005
19.29750025
19.48
19.64499975
19.87499975
20.2125
20.43249975
20.53249975
20.31999975
19.79
19.4100005
19.10750075
18.90500075
19.04750075
18.92750025
18.69999975
18.39999975
18.1074995
17.83999975
17.63249975
17.47499975
17.3374995
17.31249925
17.30999975
17.105
16.8725005
16.7500005
16.9125005
16.99000025
17.23750025
17.9700005
18.7450005
19.3900005
19.6225
19.2675
18.71749975
18.44249975
18.3925
18.4225
18.8375
19.14250025
19.56000025
19.97500025
20.09750025
20.565
21.05249975
21.42499975
21.1074995
20.8974995
20.73499975
20.77999975
21.29750025
21.4125005
21.78250025
22.32500025
23.15500025
24.54
26.49000025
27.38500025
27.86750025
28.18500025
27.7375
27.11
26.47249975
25.685
24.5750005
24.9650005
26.06000075
26.50500025
26.79999975
26.0449995
24.9599995
24.32249975
23.875
24.09750025
24.255
24.69
25.57250025
26.5750005
27.61250025
27.9
27.63749975
26.76749925
25.70499925
25.8599995
25.97749975
26.64249975
26.94
26.815
27.0699995
27.01499975
27.92749975
28.06499975
28.10000025
27.47500025
26.33000025
25.79500025
24.4525
24.0825
24.03499975
23.6074995
24.21999975
24.9799995
25.685
26.57000025
28.29
29.06750025
29.02999975
29.41999975
28.5199995
27.7474995
27.57249975
27.88749975
27.5025
27.60249975
28.05749975
28.01999975
28.36749975
28.32499975
27.605
26.28499975
25.6075
25.14000025
24.53500025
24.2050005
23.69750025
22.85750025
22.52250025
22.3725
22.2025
22.46250025
22.5975
22.44250025
22.21500025
22.05000025
21.9550005
21.9450005
21.9475005
21.825
21.785
21.77
21.69500025
21.7100005
21.27000025
21.3200005
22.1500005
23.2075005
24.8300005
26.1025
26.28749975
26.47249975
26.86999975
27.0875
27.5875
27.74500025
27.13
26.14000025
25.3550005
24.9800005
26.08750075
26.94500025
28.27500025
29.00999975
28.90749975
29.46500025
29.80249975
30.645
31.3775
31.545
31.0650005
29.84250075
28.77750075
28.4575005
28.3575
29.3999995
30.93499975
32.15999975
32.48500025
32.60500075
31.9025005
30.74500075
30.37500025
28.98250025
27.58750025
26.63000025
25.54750025
25.0575
24.81999975
25.4574995
26.54749975
27.35749975
27.50249975
26.46749975
25.71499975
24.915
24.48250025
24.9225005
24.5300005
24.6950005
24.74750075
24.3900005
24.4125005
24.0825005
24.03750025
23.8775
23.34999975
22.83249925
22.07499925
21.3374995
21.20249975
21.355
21.19
21.15
21.34749975
21.51749975
22.0349995
22.2824995
22.0924995
21.2974995
20.7349995
20.2549995
19.88999975
20.17
20.2475005
20.69250075
21.492501
22.0200005
22.63750025
22.86
22.5074995
21.6499995
20.8624995
20.4449995
20.3175
20.6925
20.69
20.28749975
19.6774995
19.18749975
19.20749975
19.84999975
20.77999975
21.86249975
22.84249975
22.9575
22.62249975
22.53749975
22.1875
22.565
22.90750025
22.76500025
23.0475
23.4575
23.83
23.9975
23.5625
22.92500025
22.3300005
21.71750025
21.24000025
20.53999975
20.60749925
20.7199995
21.2774995
21.74249975
21.40749975
21.25999975
20.79999975
20.58999975
20.83750025
21.69250025
22.2900005
23.1625005
23.3875005
22.9850005
22.195
21.23499975
21.1249995
21.32499975
22.75
23.84000025
24.80250025
25.6325
26.43250025
27.95000025
29.44750025
33.29999975
35.86499925
38.2574995
41.2325
41.4575005
41.17750075
39.99000075
37.86999975
35.70499975
34.24999975
33.3774995
32.3575
31.6925
31.70249975
31.9699995
32.95499925
33.82749975
33.735
33.26250025
33.3000005
33.42000025
33.7400005
34.635001
34.55500125
34.25500125
34.097501
33.3275005
32.3275005
31.165
30.2075
30.11749975
30.74499925
31.76999975
32.7425
32.51
31.77000025
30.57999975
29.78499925
29.26249975
28.4975
28.63500025
27.97000025
27.45499975
26.98499925
25.91499925
25.41249925
24.80249975
24.46000025
24.00500025
23.83750075
23.8075005
24.23500025
24.71750025
24.73
25.1725
24.7175
24.1775
24.14499975
23.57499975
23.96
24.52999975
24.82000025
25.42500025
25.17749975
24.9175
24.5225
23.69
23.45000025
23.01000025
22.84250025
22.7700005
22.2500005
21.9750005
22.27
22.3749995
22.3124995
22.07499975
21.61000025
21.3900005
21.58750025
22.06500025
22.23
22.6675
22.8100005
23.0825005
22.9950005
22.7300005
22.9575005
22.565
22.29
21.9125
21.2949995
21.91249975
22.4299995
22.4499995
22.445
22.57500025
23.13250075
24.38250075
25.38000075
24.9775005
24.0600005
22.94250075
21.8775005
21.5050005
21.6525005
22.35500025
22.80750025
23.315
23.4375
22.79
22.545
21.96750025
21.65
21.17999975
20.88499975
20.5874995
20.17499975
20.19500025
19.88750025
19.7725005
19.68500025
19.53999975
19.5225
19.1675
19.0025
18.67750025
18.49249975
18.42499975
18.13499975
18.21499975
18.13249975
18.02
17.9275
17.99
18.24750025
18.87250025
19.4675005
19.56750025
19.6800005
19.4975
19.1
19.3925
19.34499975
19.4325
19.4125
18.94500025
18.9125005
18.53250025
18.9475
19.41000025
19.78
20.4425005
21.03500025
21.97749975
22.26249975
22.03999925
21.5224995
20.5575
20.71999975
21.19000025
21.27
21.6124995
21.57499975
21.26999925
21.0099995
20.4175
19.44
18.6850005
18.6575005
18.8725
19.1425
19.27499975
19.18999975
19.25499975
19.4574995
20.05249975
20.32249975
21.08750025
21.96250025
22.46250025
23.50750025
23.5425
23.5
23.96
23.9575
24.335
24.895
24.9424995
24.9649995
25.22499925
25.6049995
26.25249975
26.93749975
27.3825
27.6175
27.38250025
26.98750025
26.8050005
26.94000025
27.7225
28.15000025
28.435
28.75
29.9199995
31.60499875
32.7774985
33.9799985
34.6174995
35.01750025
35.56250025
36.3475
37.65249925
40.0199985
41.204999
41.4799995
39.88999925
36.49249975
34.5074995
32.69749925
33.0575
35.54750025
38.83750075
41.33750075
41.7825005
40.54250075
38.10500075
36.86000075
36.13250075
35.1400005
33.665
31.605
29.80250025
29.11
28.81
28.54500025
28.7225
28.79749975
29.2675
30.66
31.7474995
32.4349995
34.8999995
35.92999925
37.2275
38.15000075
37.27000075
36.6800015
35.6675015
35.960001
35.80250075
36.21750075
37.0175
37.0225
38.2300005
38.79
39.2075005
39.9575005
39.1275005
38.0325
37.35500025
37.1475
36.34499925
36.90250025
36.98750025
36.93000025
39.06000025
40.10749975
41.31249975
40.83499975
39.10000025
37.8550005
35.82750025
35.4400005
35.03999975
34.41249925
34.1849995
33.7074995
33.48250025
33.60750025
32.83
32.075
31.84249975
31.1425
31.42749975
30.9849995
30.6224995
30.6224995
30.51999975
31.05
30.6975
30.71499975
30.67749975
30.63249975
30.44749975
29.285
28.555
27.5975
26.76
26.04999975
24.92499975
24.08999975
24.2524995
25.11249975
26.19749975
27.0449995
27.63499975
28.05249975
28.70249975
29.05749975
29.67
29.63
29.045
28.6475005
27.99750025
27.36750025
27.09250025
27.34250025
27.85
27.96749975
27.8525
27.40249975
26.69250025
27.40250025
28.25750025
28.7900005
28.295
27.07750025
25.9
25.0274995
25.0625
24.955
24.8075
24.75000025
24.51
24.825
24.9975
25.19750025
25.95250025
26.82750025
27.4575005
28.91000025
30.685
31.415
32.34749975
32.29999975
31.42
31.1925
31.5674995
31.99749975
32.54249925
33.28999875
33.59749975
33.7574995
34.0025005
33.92500125
33.5825005
32.94000075
32.185
31.54999975
30.9575
31.17499975
31.2825
31.47750025
31.5475005
30.96000025
30.63250025
30.605
30.5674995
31.0025
31.165
31.53500025
32.34250075
32.8775
33.0475
32.46499975
31.9999995
31.23
31.17500025
31.0400005
30.2700005
30.26000025
29.5625
29.00999975
28.8324995
28.17249975
28.27249975
28.305
28.32000025
28.435
28.42999975
28.45249975
28.2299995
27.955
27.07250025
26.07000025
25.1400005
24.0025
23.2325
22.49749975
22.1325
21.6675005
21.23750025
20.94500025
20.65749975
20.6924995
20.68249975
20.9024995
21.09999975
21.0474995
21.13999925
21.03749925
20.88999925
21.0424995
20.6825
20.36250025
20.09000025
19.78000025
19.6675
19.3875
19.5375
19.86000025
20.3525
20.69750025
20.36250025
20.0375
19.7425005
19.90500025
19.98
20.195
20.39749975
20.445
20.78500025
20.88500025
21.21250025
21.21749975
21.0624995
20.8524995
20.4799995
20.3749995
20.32499975
20.16249975
19.9474995
19.6774995
19.8199995
20.0674995
20.3199995
20.38499975
20.02999975
19.72249975
19.38499975
19.2925
19.34999975
19.4849995
19.48999975
19.4649995
19.415
19.0175
19.045
19.19999975
19.3424995
19.7799995
19.65999975
19.71750025
19.57000025
19.17500025
19.0475
18.53999975
18.3375
18.34500025
18.40750025
18.84250025
19.44
20.09
21.0475
21.55
21.4275
21.0075
20.275
19.38500025
19.01250025
18.7325
18.3625
18.42249975
18.195
18.03250025
17.92500025
18.0175
18.435
18.8525
19.17499975
19.1575
18.9324995
18.8149995
18.8925
18.94999975
18.835
18.645
18.49749975
18.8225
19.0925
19.1975
19.30500025
18.8100005
18.5350005
18.2575005
17.8225005
18.22750025
18.5575
19.46999975
20.6499995
21.2949995
21.84499975
22.21999975
21.92249975
21.5649995
21.0224995
20.21999975
19.80499975
19.4
19.23
18.96500025
18.5
18.04750025
17.7650005
17.4500005
17.467501
17.385001
17.1000005
17.22000025
17.235
17.4024995
17.7774995
17.5649995
17.2524995
16.90749975
16.42
16.35249975
16.3824995
16.51499975
16.67499975
16.77
17.0375005
17.2075005
17.2100005
17.09500025
16.92500025
17.19
17.78000025
18.36250025
18.9975
19.0925
18.675
18.1525
17.34
16.675
16.50749975
16.3975
16.49749975
16.4924995
16.5724995
16.63999975
16.88999975
17.28250025
17.19250025
17.16
17.06000025
16.575
16.2875
16.225
16.0225
16.27500025
16.50250025
16.62750025
16.8850005
16.92250025
17.22000025
17.6325
17.8249995
17.9249995
17.6874995
16.98499975
16.3325
16.1475
16.17
16.80500025
17.09000025
16.79250025
16.33750025
15.63
15.0275
14.815
14.775
14.61
14.8625
15.38000025
15.955
16.47499975
16.915
17.05499975
17.23750025
17.50750025
17.23
16.99249975
16.5099995
15.92999975
15.75749975
15.555
15.42
15.47
15.5925
15.70750025
15.9300005
16.0075005
15.7900005
15.48750025
15.0525
14.6875
14.67
14.6
14.5625
14.5725
14.805
15.3175
16.385
17.9325
18.55999975
19.6924995
20.1099995
19.46999975
19.52750025
19.0325005
19.3425005
19.98250025
20.30249975
19.9849995
18.9224995
17.8799995
16.9975
16.71250025
16.54250025
16.32750025
16
15.645
15.4225
15.5775
15.655
16.14
16.105
15.975
15.89
15.43
15.6925
15.6575
15.575
15.2225
14.7475
14.615
15.03500025
15.68250025
16.2875005
16.67500075
16.74000025
16.53250025
16.49749975
16.87499925
17.6799995
18.3799995
18.6524995
18.835
18.50999975
18.8574995
19.15499975
19.1724995
19.22249975
18.855
18.5425
17.8
17.125
16.3225
15.6775
15.76249975
15.78999975
16.2275
16.54750025
16.3200005
16.0525005
15.64250025
15.2075
15.3775
15.3875
15.2375
15.265
14.995
15.0475
14.9275
14.635
14.59
14.5725
15.0125
15.385
15.2675
15.27
15.0225
15.2175
15.585
15.83500025
16.01000025
15.68750025
15.35000025
14.74
14.4725
14.3175
14.495
14.5975
15.0225
15.375
15.7075
16.48999975
16.5249995
16.6249995
16.4199995
15.92499975
15.63
15.60000025
15.7325
16.4825
17.475
18.1899995
18.5049995
18.43499975
18.36999975
18.1425
18.16750025
17.9125
17.2
16.94499975
16.55249975
16.26749975
16.04249975
15.5475
15.275
14.9825
15.01
15.0875
15.0875
14.98
14.5975
14.2925
14.08
14.0125
13.975
13.75
13.625
13.7825
13.94
14.155
14.3725
14.1275
14.215
14.4075
14.37
14.61
14.3825
13.985
13.75
13.2825
13.1775
13.3625
13.3475
13.785
14.195
14.385
14.8275
15.0575
15.4025
15.485
15.4
15.3275
14.9325
14.8075
14.95
15.3125
15.69749975
15.99249975
16.01999975
15.94249975
15.9125
16.0275
15.69
15.115
14.5075
13.9125
13.805
13.5825
13.3825
13.265
13.2075
13.24
13.2825
13.195
13.225
13.165
13.03
12.965
12.785
12.8675
13.01
13.0725
13.1225
13.0375
13.025
13.2
13.2525
13.2325
13.125
12.8425
12.7275
12.595
12.4725
12.325
12.1
11.9
11.695
11.515
11.5925
11.705
11.7475
12.08
12.3675
12.8875
13.4775
13.86
13.9325
13.785
13.5975
13.3725
13.1175
12.955
12.755
12.575
12.73
12.9775
13.46
14.005
14.225
14.1275
13.8475
13.495
13.185
12.8325
12.4375
12.075
11.6725
11.5975
11.5825
11.635
11.71
11.635
11.615
11.4325
11.33
11.415
11.33
11.7975
12.12
12.07
12.1475
11.8825
11.795
12.0275
12.3875
12.3525
12.4075
12.3825
12.325
12.4625
12.5975
12.595
12.7075
12.9575
13.08
13.2675
13.3825
13.5775
13.77
13.84
13.875
13.93
13.825
13.975
14.06
13.965
13.975
13.7575
13.3175
12.945
12.52
12.0575
12.3025
12.78
14.22
15.53499975
15.94749975
16.54499975
15.71249975
15.4175
15.3325
14.83
14.945
15.31500025
15.48750025
15.54000025
15.45500025
14.7025
14.37
14.1025
13.9075
14.1725
14.29
14.80750025
15.45000025
15.64250025
15.67250025
15.05
14.3
13.665
13.26
13.025
12.84
12.615
12.415
12.565
12.51
12.41
12.41
12.1575
12.165
12.38
12.3625
12.2825
12.0975
11.87
11.715
11.5125
11.47
11.39
11.295
11.27
11.4325
11.61
11.97
12.1025
12.0125
11.9775
11.6975
11.7225
11.8475
11.96
11.9725
11.8725
11.5425
11.13
10.97
10.7325
10.6875
10.59
10.445
10.605
10.5425
10.705
10.895
10.7425
10.7425
10.86
11.1325
11.48
11.8075
12.045
12.145
12.51
12.6525
12.6175
12.6025
12.485
12.45
12.735
12.955
13.125
13.415
13.39
13.4
13.5875
13.665
13.74
13.785
13.655
13.3725
13.23
13.2425
13.0625
13.0425
12.9875
12.59
12.27
12.2375
12.2325
12.36
12.2525
12.19
12.1225
12.4475
12.975
13.18
13.28
13.0225
12.8475
12.6675
12.3875
12.3125
12.455
13.0325
13.7925
14.325
14.9125
15.1825
15.49749975
15.9674995
15.7974995
15.5574995
15.33499975
14.5925
14.90250025
15.2675
15.12
15.3775
14.99749975
14.97
14.8475
15.045
15.11
14.475
14.1625
13.625
13.1875
13.0875
13.0375
12.72
12.3525
12.1275
11.985
12.075
11.98
11.715
11.3625
10.9475
10.875
10.815
11.07
11.3925
11.6675
11.7575
11.55
11.4775
11.3425
11.5775
11.8775
11.9
11.8875
11.62
11.1875
10.9475
10.75
10.8175
10.995
11.015
10.9175
10.64
10.735
10.87
11.2
11.65
11.5425
11.5475
11.4725
11.205
11.2025
11.075
10.9825
11.0325
11.0575
11.32
11.6475
11.8425
12.675
13.18
13.445
13.6675
13.1325
12.6425
12.4125
12.4325
12.4175
12.7325
12.875
12.8975
13.205
13.105
13.145
13.1025
13.0425
12.8975
12.695
12.3475
12.0125
12.0525
11.945
12.0425
11.905
11.7
11.815
11.7325
11.7975
11.89
11.99
12.27
12.42
12.6
12.3775
12.055
11.66
11.3275
11.36
11.5475
11.81
11.8775
11.685
11.4475
11.2975
11.2575
11.35
11.295
11.39
11.3725
11.37
11.4175
11.3075
11.3225
11.495
11.7575
12.225
12.5525
12.5825
12.68
12.28
11.92
11.735
11.4875
11.575
11.6825
11.7125
11.775
11.735
11.9325
11.99
12.0275
12.095
11.865
11.8675
11.8675
11.8475
12.065
12.6125
13.0075
13.4
14.3425
15.0425
15.945
17.03749975
17.53749975
17.63
17.21
16.34500025
16.44500025
16.21500025
15.97000025
15.98500025
15.48250025
15.7075
16.52749975
17.53499975
17.9025
18.80749975
20.30999975
21.0874995
20.53249925
19.6049995
18.10999975
16.91750025
16.82250025
16.48000025
15.99500025
15.7275
15.9475
15.925
15.21
14.575
13.7375
13.3275
13.4825
13.705
13.9475
13.695
13.905
14.86000025
15.8675
17.24249975
18.05499975
17.4949995
17.0349995
16.72499975
16.03499975
15.85999975
15.4625
14.8475
14.685
14.71
14.8175
14.6675
14.7
14.5475
14.5925
14.815
15
15.03
14.7975
14.555
14.11
13.5975
13.0825
12.4275
12.1275
12.0725
12.1125
12.3025
12.325
12.3225
12.2925
12.2475
12.2475
12.1925
12.28
12.66
13.0525
13.3525
13.4425
12.9875
12.3125
11.91
11.6025
11.5675
11.7675
11.7275
11.85
12.0525
12.0875
12.1225
11.955
11.7375
11.7025
11.9625
12.1275
12.1625
12.1625
11.91
11.77
11.685
11.595
11.4775
11.245
11.1375
11.165
11.2275
11.265
11.15
10.9875
10.8475
10.7875
10.77
10.7
10.805
10.915
11.1525
11.3075
11.2975
11.3125
11.2075
11.04
11.0025
10.91
10.8525
10.79
10.615
10.4575
10.255
10.1225
10.02
10.015
10.185
10.7675
11.1975
11.37
11.415
11.255
11.1575
11.2675
11.3725
11.625
11.835
11.695
11.525
10.9025
10.3775
10.2125
10.2
10.23
10.3025
10.4225
10.6125
10.8525
10.9475
11.0625
11.1125
11.3075
11.525
11.8125
11.9225
11.89
11.88
11.5625
11.1
10.8075
10.5875
10.5825
10.645
10.6525
10.59
10.35
10.555
10.645
10.9225
11.19
10.99
10.785
10.4425
10.34
10.3975
10.4
10.49
10.6275
10.8675
10.8725
10.82
10.6
10.2025
10.1775
10.17
10.16
10.3
10.5275
12.55499975
13.86499975
15.17499975
17.04
17.37
17.505
17.36
16.27999975
14.895
14.4025
15.12499975
15.86999975
16.45499975
17.155
16.27000025
15.27000025
14.21000025
13.245
12.835
12.8075
13.13
13.6425
14.19
14.56
14.8225
14.4425
13.9675
13.615
13.2675
13.0725
13.135
13.005
12.77
12.595
12.2575
12.185
12.27
12.2925
12.5175
12.6925
12.86
13.04
12.8925
13.1675
13.2425
13.315
13.475
13.1475
13.0575
13.09
13.0375
13.21
13.16
13.3475
13.63
13.605
13.745
13.445
13.2675
13.1575
13.09
13.42
13.43
13.5475
13.445
13.1875
13.0475
12.9875
13.1875
13.6425
14.71249975
15.09999975
15.36999975
15.81999975
15.2375
14.9375
14.745
13.9325
13.4625
13.72
13.7875
14.37
15.32
16.37499975
16.70499975
16.65249975
16.54749975
15.675
15.5225
15.5075
15.13
15.07
15.7325
16.02249975
16.22749975
16.22499975
15.72999975
15.4775
15.5925
15.6125
15.95250025
16.2475
16.88499975
17.60249975
18.5499995
20.38999975
20.97000025
22.32500025
23.05750025
22.32
23.39249975
23.2475
22.71999975
22.77750025
23.10750025
24.44749975
25.7
27.25749975
28.30499975
28.9375
29.7925
29.455
28.1
26.11499975
24.2725
22.86999975
22.2374995
23.0899995
23.387499
24.472499
24.637499
23.7574995
23.94999975
23.6825
24.39500025
25.54499975
25.71749975
25.9599995
25.5924995
24.97749975
25.27999975
24.1275
22.94500025
21.8275005
19.9575005
19.71250075
19.3550005
18.65
18.15
17.80749975
17.61749975
17.8325
18.28249975
18.3925
18.16
17.90249975
17.23250025
16.79
17.28249975
17.35
18.13249975
18.96999975
18.88500025
19.07750025
20.005
20.40999975
20.8774995
21.45249925
21.0049995
20.4849995
20.34999975
20.4175
19.75750025
20.67000025
21.455
22.26499975
22.97999925
23.7999995
24.5874995
25.63499975
28.06
27.4625
27.40750025
27.2975
25.8975
26.375
26.1099995
25.80499975
25.835
26.56
26.9100005
26.22750075
25.81750025
24.3075005
23.6400005
23.5600005
23.200001
22.7225005
22.03250025
21.27
21.53499975
21.91249975
22.3399995
22.9724995
23.2049995
23.2474995
23.02749975
22.35499975
20.8424995
19.83249975
19.07749975
18.99749975
19.565
20.54
21.6675
22.225
23.02500025
23.3475005
23.9125005
24.32000075
24.19750075
24.1700005
23.5375005
23.34250025
23.57499975
24.7699995
25.8399995
27.7574995
28.91749975
28.74750025
29.22250025
28.4150005
27.9900005
27.9500005
27.23000075
26.2900005
25.9575005
26.11250025
26.80499975
27.71499975
28.21999975
28.05999975
27.4
26.70499975
26.0875
25.4425
25.2575
25.13750025
25.03250025
24.7925
24.15250025
23.52750025
22.92000025
22.78750075
23.66500075
24.760001
25.46750075
25.7350005
25.9875
26.28999975
27.2549995
27.69499975
27.61249975
27.5625
28.00750025
29.4775005
29.120001
29.75750075
28.622501
26.9950005
26.9775
26.0375
25.8524995
25.84749925
25.81999975
24.96999975
24.3575
23.7325
22.9425
22.8775
22.61000025
22.51000025
22.3925
22.65249975
23.0174995
23.01
22.64750025
21.87500075
20.9525005
20.38250025
20.46750025
20.44
20.4225
20.195
19.8874995
19.8824995
20.065
19.88749975
19.5225
19.1875
18.5424995
18.75499975
19.05999975
19.18749975
19.08250025
18.64500025
18.21000025
17.4325
17.1024995
16.8599995
16.8399995
17.41249975
17.80749975
18.4424995
18.95749925
19.07749925
19.09999925
18.6699995
18.71749975
19.00999975
19.67499975
19.8749995
20.80749925
21.5274995
22.12249975
23.49500025
23.4375005
22.9625
22.40500025
21.65749975
21.38499975
21.475
21.955
22.3325
22.3775
22.26749975
22.5324995
22.7325
23.11500025
23.7425005
24.2400005
24.5750005
25.0325005
24.9075005
24.7350005
24.93750025
25.365
26.6975
27.52500025
27.40250025
26.78250025
25.675
24.3024995
23.3224995
22.39749925
22.24499975
22.21
22.9725
23.1525005
22.595
22.60250025
22.18750025
22.5525
22.535
21.85749975
21.50249975
20.79499975
20.54000025
20.77500025
20.875
20.795
20.65999975
20.61249975
20.54500025
20.56500025
20.62500025
20.0825
20.0049995
20.0224995
20.0074995
20.16249975
20.0825
20.4575
20.875
22.02500025
22.6275
22.78999975
23.7999995
23.92249925
24.25499925
25.0099995
26.5675
28.01249975
30.97000025
32.82999975
32.9224995
33.80999925
33.68499925
34.2074995
34.3949995
34.6175005
37.3675005
38.4175005
40.16500075
42.79499975
42.39999925
45.56499925
49.032499
52.09999925
56.794999
61.2699985
61.597499
60.9974995
62.33
61.745001
65.580001
65.040001
61.00500125
61.5150015
60.88250175
67.42250075
74.16
73.48749925
74.02749825
69.9699995
64.92749975
61.6075
56.05000025
53.965
54.91250025
55.51749975
58.57999975
60.29999925
60.994999
61.9275
63.5099995
65.43750025
65.73250025
69.34000025
72.977501
73.8575
73.1224995
69.7824995
63.29749875
58.949999
59.90250025
60.42249975
61.8725005
63.9625005
61.8175
60.6950005
60.24250025
58.2650005
57.22750025
56.1749995
55.637499
54.79749875
53.312499
51.57749925
48.61999975
46.66750025
45.46250025
44.68
44.29250025
44.1275005
43.28000075
42.227501
41.1800005
39.9750005
39.2075005
40.05500025
40.89750075
41.83250025
43.6525
43.62250025
45.26749975
47.31249975
47.38
50.7250005
50.04500025
49.1175005
49.40750025
46.6674995
45.625
43.71749975
42.5575
42.34500025
43.16250025
44.0125005
44.31749975
44.03999975
43.5024995
43.647499
44.352499
44.55249875
44.022499
43.84499925
44.34249975
45.32499975
46.78250025
48.375
49.36499975
48.6225005
48.0199995
46.85999975
45.2924995
47.0824995
48.6475
49.37250025
50.32750025
49.49750025
49.18500025
48.38749975
46.7475005
44.71
42.88000025
42.722501
42.0200005
41.74000075
42.0700005
42.60749975
43.215
43.93249975
43.57499975
42.19250025
41.6450005
42.29750075
42.7700005
43.25
43.5
42.04
41.23750025
40.76500025
39.9674995
39.174999
38.39499925
37.714999
37.044999
36.8599995
35.892499
36.2699995
36.51249975
37.089999
37.89249975
37.30249975
37.5975
37.56000075
37.29250075
37.21250075
36.4575005
35.6025
34.92249975
33.91
33.445
32.825
32.7024995
32.539999
32.59249975
32.42250025
32.48500025
32.0950005
30.88249975
30.29749975
29.855
30.45250025
30.90750075
31.74000075
31.82000075
30.8925005
30.7475005
30.065
29.9025
30.2175
30.1125
30.14750025
29.46000025
29.03
28.6525
28.2475
28.88249975
29.9375
30.795
31.26500025
30.5600005
30.1825005
29.94250025
29.69749975
29.29
27.98
26.6725
25.99750025
25.96249975
26.4675
27.38
28.505
29.775
30.2325
30.2375
29.10249975
27.5325
26.5599995
25.6599995
25.16749975
25.01249975
24.50750025
24.02
23.7925
23.465
23.5675
23.95250025
24.4975005
25.0750005
25.48500025
25.6225
25.4424995
25.3174995
25.2549995
25.05499975
25.08
25.3525
25.29750025
25.285
25.105
25.57999975
25.7624995
26.14999975
26.35499975
25.635
25.37499975
25.03999975
25.005
24.9225
24.82750025
25.10000025
26.15
27.205
27.79
27.6025
26.72000025
25.57500025
24.6875
24.41
23.97
23.745
23.7800005
23.6550005
23.67000025
23.83
23.67749975
23.63749975
23.895
24.2825005
24.73250025
25.1575005
25.3225005
25.98750025
26.9375005
27.35000025
27.37250025
26.47500025
25.35000025
24.4200005
23.74750025
23.32500025
22.9950005
22.645
22.25
21.875
21.38499975
21.50999975
21.325
21.52
22.37249975
23.025
24.82999975
25.45249975
27.04750025
28.2850005
28.51000025
29.25
27.93499975
26.53749975
25.1225
23.90250025
23.3050005
23.31750025
23.3700005
23.38250025
23.225
22.57249975
22.38999925
22.21499975
21.90249975
21.61249975
21.075
21.71249975
22.54999975
22.9125
23.07250025
22.5025
21.6875
21.7325
22.375
22.42500025
22.69250025
22.56500025
21.93
21.6375
21.19250025
21.42250025
21.55500025
21.30500025
21.05500025
20.355
19.80249975
19.66249975
19.7799995
19.8424995
20.39499975
20.4225
20.2575
20.05750025
19.4025
18.9249995
18.47499925
18.24749925
17.9449995
17.8199995
17.90999975
17.74249975
17.94999975
19.11
21.45999975
23.41749975
24.8849995
25.10249925
24.2074995
24.00999975
23.52
23.10500025
22.57250025
22.9375
23.81750025
25.07500025
26.17500025
26.00500025
25.46749975
24.52249975
23.58499975
22.6649995
21.8324995
21.1549995
20.57749975
20.49000025
20.4000005
20.4200005
20.31000025
19.7825
19.47999975
19.16249975
18.9674995
18.5074995
18.19
17.9625
17.92500025
18.085
18.03249975
18.05249975
17.8325
17.54500025
17.3050005
17.04750025
16.84250025
16.70250025
16.93499975
17.2925
17.51749975
17.82749975
17.72249975
17.51999975
17.4449995
17.3024995
17.07749975
16.835
16.58750025
16.3675
16.205
16.1
15.8775
15.81500025
16.5100005
16.79500025
16.83000025
16.93750025
16.46499975
16.285
16.71999975
18.3424995
19.49499975
19.94999975
21.09499975
20.44000025
21.13000025
22.7475
25.435
30.625
31.875
32.7275
30.90750025
27.34
27.94
28.57
30.57749975
32.73749975
36.375
38.6899995
39.88249975
39.705
37.01249975
34.40750025
32.84500025
33.07750025
31.86500025
31.81
32.6625
32.91999975
33.8025
34.87000025
33.64250025
31.6975005
30.41750025
28.4525005
27.2900005
26.355
25.19750025
24.94999975
25.2324995
25.69749975
27.1449995
28.0575
28.54500025
30.3500005
31.55000075
32.63250075
32.912501
31.79250075
29.8675005
28.08
26.79499975
25.48999975
24.9199995
24.7149995
24.75499925
25.20999925
25.56249925
25.3224995
25.4474995
25.04249925
24.41749925
24.11749925
23.50499975
23.41
23.575
23.7675
23.47249975
23.0674995
22.5874995
22.2374995
22.1699995
22.0474995
22.0875
22.90999975
23.90749975
24.9325
25.86499975
25.6
25.315
25.36500025
25.21250025
25.54500025
26.2625
26.3275
26.79750025
26.4950005
26.4325005
26.27
25.3999995
25.0849995
23.6099995
23.0474995
22.88749975
22.79249925
22.9624995
22.3149995
21.89249925
21.7149995
21.64749925
21.8474995
21.83249975
21.89499975
22.0925
22.55750025
22.61
22.65750025
22.68000025
22.525
23.0225005
23.01250025
23.2450005
22.8725005
22.32000025
22.085
21.3799995
20.67999925
20.03999925
19.4174995
19.2099995
19.2275
19.2675
19.65749975
19.63500025
19.695
19.61750025
19.4225005
19.53
19.88999975
20.41499925
20.7524995
21.15499975
21.37
21.04
20.36999975
19.47749975
18.6575
18.53750025
18.525
18.61999975
19.19999975
19.48
20.50750025
21.2875005
20.82250025
20.28250025
19.2300005
18.94750025
19.15
20.1949995
20.9849995
21.7125
22.1625005
21.4550005
20.57500025
19.195
18.35249975
17.94
17.75
17.64750025
17.5375
17.50500025
17.6775005
17.6225
17.2625005
16.96250025
16.6
16.11500025
16.20499975
16.51999975
16.77749975
17.235
17.49750025
17.51750025
17.5400005
17.565
17.44
17.3525
17.2349995
17.275
17.24249975
16.95249975
16.76499975
16.2449995
15.98999975
16.2574995
16.65749975
17.4099995
17.8549995
17.92499975
17.5874995
17.00749975
17.605
18.09000025
18.33750025
18.625
17.7875
16.88749975
16.55000025
16.1775005
15.97250025
16.01250025
15.865
15.9
16.02500025
16.1825
16.4075
16.5275
17.6349995
18.9874995
20.1699995
20.86749925
20.2549995
19.97499975
19.82
19.66500025
19.8425
19.755
19.53499975
19.9399995
20.6449995
20.4999995
20.82749925
21.8524995
23.73249975
25.305
26.1325005
25.20500075
22.9075005
21.10750025
19.4975
18.82249975
18.63000025
18.37750025
18.305
18.2625
17.75249975
17.58749975
17.4725
17.2625
17.19000025
17.2825005
17.1175005
17.1650005
17.11750025
16.7175
16.4
16.36749975
16.09499975
15.79499975
15.63749975
15.34
15.2875
15.3575
15.34
15.085
15.1775
15.51500025
16.13000025
16.9925005
17.5950005
17.71000025
17.41750025
17.10500025
16.5125005
16.4900005
17.0725005
17.2225
17.27249975
16.88499975
16.68249975
16.8625
17.26
17.6475
17.3125
16.74
16.1475
16.45499975
16.95499975
17.4475
18.2075
18.15000025
18.3250005
18.28000025
18.3725005
18.75750075
18.6250005
19.5125005
20.48000025
21.04
21.4725
20.85750025
19.80500025
19.1650005
19.4425005
19.8675
20.03
19.52499975
18.37999975
17.2075
16.42999975
16.19749975
16.05499975
16.07499975
16.65749975
17.54
18.53
19.74249975
20.02750025
20.29750025
20.1225
19.69500025
19.20249975
18.3449995
18.37999975
18.66499975
20.02
21.575
23.05
23.9075
24.36000025
24.27
25.8725
27.9575
33.75999975
36.68000025
39.51250075
41.26250075
38.352501
37.555001
35.02
33.165
34.74249925
37.53749875
39.934999
41.107499
39.415
38.59249975
36.88
35.88249975
35.129999
33.09499975
32.15249975
32.5624995
33.58999975
34.02999975
34.65499975
35.80500025
36.20250025
37.085
37.1549995
35.51749925
33.61499925
32.56999925
32.135
33.47250025
36.06499975
38.19499975
39.7349995
39.83249925
39.76500025
39.16250025
40.1475
42.0825005
42.0175
41.76000025
40.0875005
37.7750005
35.8250005
34.5875005
33.3350005
31.9600005
30.7650005
30.8975
30.97249975
31.90749925
33.542499
33.02499925
32.4499995
31.895
30.6650005
29.20000025
28.0175005
27.4525
28.67999975
30.5000005
31.99250025
32.0425005
30.8125005
29.4975
30.9125
31.57500025
31.6225005
32.53500025
31.3
31.47499925
32.5924985
32.80999875
33.232499
32.84749925
32.71499975
33.3325
33.13750025
32.80500025
31.26
29.49499975
28.3424995
27.64249975
27.72499975
28.03999975
28.80749975
28.4424995
27.82749975
27.01249975
25.875
25.5575005
25.21250075
25.09000075
24.38500025
23.465
22.68249975
21.63499975
21.3075
21.83
22.2025
22.87
23.13499975
22.8099995
22.5174995
21.82499925
21.3499995
20.9675
20.85999975
20.81999975
20.77999975
21.15749975
21.11749975
20.96750025
20.3100005
19.42750025
18.9325005
18.5425
18.61499975
18.58
18.7025
18.9850005
18.98000025
18.8425
18.2675
17.84749975
17.6225
17.6675
18.04999975
18.8075
19.15500025
19.5000005
20.1275005
19.735
19.42
19.0825
18.3450005
17.7400005
17.6225
17.6225
17.5649995
17.97249975
17.96
17.735
17.7575
18.36750025
18.82000025
18.98500025
18.75000075
17.4425005
16.3750005
15.71500025
15.2925
15
15.06
15.1275
15.055
15.33
15.275
14.945
15.06
15.035
15.2
15.51
15.5225
15.57
15.81000025
16.1100005
16.90250025
18.085
18.97999975
19.10499975
19.28999975
19.07999975
18.6899995
19.049999
18.7524995
18.225
18.3525
18.21750025
17.8325
17.53249975
16.87
16.6325
16.5775
16.73749975
17.0474995
17.5499995
18.13499975
18.67749975
19.3075
19.225
19.4624995
20.1675
20.63999975
21.49999975
22.65
23.45749975
23.4675
23.52
22.98
22.09000025
22.02750025
21.6650005
22.11750025
22.74749975
23.97249975
25.24499975
25.38
24.90500025
23.67
22.44749975
22.1674995
22.1499995
22.78749975
22.89999975
22.28750025
21.34500025
19.8725
18.7625
18.50499975
18.4525
18.9525
19.57249975
19.415
19.8149995
18.98999975
18.25999975
17.5624995
17.00999975
17.01499975
17.31
17.82499975
17.9375
18.245
17.935
17.5325005
17.16500025
16.62250025
16.30000025
16.09
16.62500025
17.7025
18.675
18.99000025
18.51000025
17.90000075
17.79750075
18.15500025
18.3725
17.77499975
17.02999975
16.2875
15.725
15.635
15.3325
14.76
14.6425
14.48
14.3675
14.305
14.0975
14.195
14.4
15.0275
15.3175
15.65
15.995
16.26999975
16.93249975
17.2124995
17.5849995
17.75499975
17.19749975
16.425
16.00000025
15.66750025
15.71750025
15.63500025
15.1925
14.7375
14.3325
14.29
14.18
14.0275
14.02
14.4075
15.09249975
15.30749975
15.70249975
15.92499975
15.65
15.7975
15.5025
15.005
14.855
15.09000025
15.5250005
15.8400005
16.09750025
15.8225
15.55499975
15.42499975
15.1475
15.59499975
15.945
16.885
17.71
17.9750005
18.2725
18.215
17.80500025
17.6725
17.82500025
17.57000025
18.1675
18.3925
18.44000025
18.21500025
17.60750025
17.46500025
17.31
17.2425
16.89
16.18
15.51
15.1925
15.2575
15.4675
15.5175
15.4975
15.59
15.76999975
16.1725
16.52249975
16.69999975
16.515
16.2474995
16.02499975
15.86749975
16.0324995
16.26999975
16.46249975
16.36749975
16.56750025
16.73500025
17.11000025
17.67750025
18.2075
18.65749975
19.8774995
19.9224995
18.7224995
17.49499975
15.2725
14.215
13.95
13.7625
13.6775
13.57
13.545
13.48
13.4625
13.515
13.25
12.97
12.73
12.51
12.6175
12.9025
13.115
13.5225
13.87
13.7025
14.0425
13.8925
13.675
13.825
13.4125
13.2175
13.025
12.895
12.805
12.685
12.6025
13.0275
13.6675
14.095
15.765
16.31250025
16.19000025
16.52500025
15.61750025
14.9025
14.59
14.095
13.52
13.165
12.685
12.37
12.0625
11.74
11.675
11.9475
12.5875
12.93
13.6025
13.655
13.4925
13.5175
13.3075
13.09
13.05
13.0525
13.3175
13.615
13.7
13.8025
13.46
13.0775
12.6575
12.375
13.4825
13.8825
14.95
16.32499975
15.74999975
15.85749975
15.09999975
14.1125
13.775
13.58
13.6375
13.615
13.8325
13.8275
13.6125
13.3975
12.9825
12.75
12.82
12.8025
12.7325
12.76
12.68
12.8
12.775
12.8375
12.9775
13.165
13.57
13.8125
14.09
14.3425
14.4575
15.03499975
15.485
15.845
16.5875
16.67
16.38499975
16.17749975
16.06999975
16.56
16.8775
17.305
17.23749975
16.7425
16.79999975
17.63499975
18.16
19.035
19.4925
18.67249975
18.1625
17.35
16.8250005
16.632501
16.467501
15.97500075
15.5775005
15.05500025
14.5575
14.3375
14.1025
13.9625
14.015
13.9575
13.94
13.6275
13.095
12.815
12.6675
12.775
12.8825
13.065
13.1175
13.2375
13.2925
12.94
12.5525
12.37
12.38
12.5675
12.96
12.9825
12.815
12.8925
13.2225
13.6125
14.31
14.7775
15.08
15.1775
14.8975
14.9175
15.125
15.5575
16.26499975
16.76999975
16.73
16.5775
16.31750025
16.02750025
15.7825
15.445
14.9575
14.5675
14.2
14.1625
14.34
14.165
13.915
13.6
13.545
13.6675
13.88
14.115
14.4025
15.0325
15.415
16.05
16.6025
16.6375
17.605
18.54
19.0225
18.9575
18.035
16.9675
16.7325
16.29
15.73
14.9725
13.5975
13.2525
13.2375
13.2775
13.26
13.255
13.2525
13.365
13.53
13.5225
13.4025
13.3075
13.0375
13.195
13.1875
13.0025
13.04
12.6925
12.56
12.475
12.545
12.7625
13.02
13.1375
12.9275
12.7775
12.63
12.71
13.07
13.43
13.865
14.295
14.64
14.53
14.265
14.0675
14.1525
14.59
15.1575
15.68750025
15.885
15.45
15.0475
14.48749975
13.695
13.365
12.91
12.5775
12.7075
13.0175
13.4925
13.8175
13.815
13.615
13.275
13.0575
12.705
12.795
12.6475
12.495
12.5925
12.3825
12.53
12.67
12.98
14.40499975
15.54249975
16.28249975
17.17749975
16.96500025
17.21250025
18.6225005
19.06250075
19.72750075
19.43250075
17.8950005
16.93250025
15.5725
14.84
14.5525
14.13
13.97
14.27
14.4325
14.71
14.8
14.3425
14.2325
14.0725
14.015
14.5975
14.535
14.4975
14.55
14.0775
14.1025
14.33
14.395
14.92249975
15.82749975
16.03749975
16.04999975
15.775
14.95
14.79
14.9325
14.6575
14.76
14.665
14.495
14.46
14.0025
13.62
13.36
13.38
13.9975
14.4475
14.56
15.0425
15.40750025
15.7125005
16.1600005
15.7325005
14.81500025
14.1
13.495
13.2675
13.2575
13.46
13.655
13.765
13.7875
13.585
13.32
13.215
13.3125
13.35
13.48
13.3875
12.995
12.6775
12.3625
12.425
12.4775
12.55
12.7475
12.4325
12.33
12.065
11.7025
11.645
11.53
11.54
11.5575
11.605
11.7325
11.8025
11.59
11.41
11.1375
11.1175
11.575
11.8325
12.2475
12.3625
11.875
11.485
11.035
10.765
11.145
11.3875
11.5825
11.6525
11.5125
11.4025
11.2
10.965
10.905
11.1125
11.32
11.8875
12.075
12.035
12.1125
11.715
12.33
12.39
12.6025
12.9125
12.1575
12.1025
12.0725
12.1525
12.5925
12.965
14.03000025
15.1475005
15.6075005
16.49250075
16.34750075
16.2550005
16.4175005
15.75750025
15.1975
14.2575
13.42
13.15
12.6975
12.525
12.365
12.0175
11.805
11.6775
11.64
11.645
11.79
11.8875
12.0425
12.1875
12.335
12.335
12.4375
12.7225
12.7825
12.96
13.1225
13.2775
13.24
13.2025
12.8825
12.38
12.62
13.19
13.5
14.3825
14.6725
14.935
15.69499975
15.9624995
16.2899995
15.9324995
15.71999975
15.84250025
15.58000025
16.63250025
18.07750025
19.93749975
21.8575
23.485
24.47500025
23.8125005
22.75750025
20.46000025
18.62750025
17.2625005
16.64750075
16.637501
15.76750075
15.4225005
15.02500025
14.5225
14.6075
14.5425
14.455
14.365
13.9625
13.4075
13.095
12.9325
13.1
13.26
13.5275
13.7375
13.78
13.8475
13.575
13.265
12.8375
12.46
12.5675
12.9525
13.1025
13.21
12.9725
12.405
12.745
13.4575
14.99500025
17.04250025
18.76000025
20.02750025
21.2875
21.12750025
20.06
19.0775
16.9975
15.83749975
15.2275
14.73
14.6825
14.9625
16.17000025
16.9925005
18.2075005
19.50750075
19.53500025
19.34
18.74749975
18.3674995
18.6799995
19.7974995
21.0074995
21.34499975
21.17749975
20.51999975
19.0225
17.94999975
16.8575
16.44999975
17.46
17.985
19.34749975
19.9
19.12249975
19.01499975
17.985
17.45000025
17.755
17.48
17.50749975
17.0199995
16.05499975
15.69749975
15.32
15.3075
15.21
14.9
14.46
14.0975
14
13.695
13.5325
13.5375
13.6175
13.7925
14.3325
14.6325
15.24750025
15.9550005
16.0100005
16.2450005
15.97500025
15.6725
15.31
14.8275
14.18
13.6175
13.53
13.8725
14.5675
14.9825
15.205
15.1675
14.995
14.895
14.9525
14.825
14.5425
14.1475
13.6075
13.3975
13.32
13.2575
13.2625
13.25
13.1575
13.26
13.2875
12.935
12.6825
12.65
12.575
12.8025
13.3675
13.2625
13.3725
13.6025
13.7525
14.36
14.3625
14.2475
13.925
13.5825
13.5525
13.185
12.9025
12.675
12.71
12.6425
12.4925
12.795
12.8925
13.1925
13.62
13.5975
13.84
13.9275
14.145
14.205
14.4675
14.67
14.2975
13.9575
13.58
13.81
14.2075
14.62
14.4725
14.115
13.5975
13
13.0175
13.03
13.35
15.035
16.2775
16.7975
17.49000025
17.03000025
16.49500025
17.38750025
18.18249975
18.13749975
17.58999975
16.01749975
14.3325
13.1525
12.665
12.385
12.1325
12.135
12.3075
12.68
13.525
13.855
13.82
13.4175
12.5475
12.3275
12.4525
12.5475
12.96
13.1675
12.975
13.275
13.235
13.26
13.41
13.2375
13.2825
13.7225
15.29999975
19.0525
25.7900005
30.9825005
33.77750075
33.2950005
29.62249975
27.72499975
27.99499975
27.99249975
27.88250025
27.725
26.1
26.135
25.825
24.6750005
24.5125005
23.59000075
22.8350005
22.32
21.82750025
21.22749975
21.5
21.7475
22.0449995
22.915
24.2124995
25.38749975
25.645
25.3774995
23.705
21.88250025
20.60750025
19.5700005
18.69000025
18.075
17.2675
17.085
17.23750025
16.98
16.7
16.0275
15.45749975
15.62000025
15.47000025
15.34000025
15.22500025
14.9075
14.8775
14.915
14.86
14.54
14.5925
14.8175
14.8125
14.8575
15.3525
15.2975
15.54999975
16.56
17.45
18.1675
18.86250025
18.4825
17.71
17.0375
16.2325
16.0025
15.5525
15.465
15.59249975
15.27749975
15.45749975
16.205
15.87500025
16.16750025
16.59000025
16.96500025
18.09750025
20.235
21.5175
21.8525
21.48250025
20.12000075
19.612501
19.050001
18.73500075
17.8925005
16.65250025
16.205
16.075
16.50500025
17.1225
18.07000025
18.88500025
19.71
21.40500025
22.9825
24.22249975
24.6924995
24.74999925
23.9849995
24.66499975
25.55999975
26.1525
26.8375
25.6675
25.19250025
23.92000025
23.02500025
23.04500025
22.0575005
21.4275005
21.14500025
20.95250025
21.3625
22.21249975
23.21749975
24.44
25.55250025
26.74250025
26.59250025
25.98500025
24.98999975
23.36499975
22.1475
20.9649995
20.63249975
20.40249975
20.04749975
20.15499975
20.0474995
19.2925
18.78749975
18.01000025
17.08750075
17.0000005
17.3950005
17.80500025
18.10249975
17.88999975
17.45249975
17.07749975
16.3125
15.7975
15.0725
14.31
14.105
14.23
14.41
14.7725
14.685
14.34
14.1425
13.6075
13.6825
14.1475
14.1825
14.9475
15.2575
15.4675
15.6575
15.0775
14.6675
14.0075
13.6325
13.4825
13.3725
13.455
13.4225
13.6325
13.8025
13.7575
14.2575
14.6625
14.8425
15.3
15.50749975
15.55999975
15.56999975
15.31249975
14.7075
14.4025
14.325
14.4425
14.705
14.925
15.31
15.6325
15.7625
15.825
15.4425
14.835
14.3925
13.7175
13.66
13.735
13.785
13.8725
13.7375
13.7
13.8125
14.105
14.95000025
16.68
18.285
19.65999975
20.24499975
19.855
19.32250025
18.9075005
19.35750025
18.81750025
20.665
22.0075
21.4025
21.24999975
18.71749975
16.44749975
15.65499975
15.235
15.0175
14.625
14.115
13.7625
13.3325
13.2375
13.02
12.7425
12.475
12.2125
12.23
12.125
12.35
12.67
12.6925
12.8675
12.6175
12.465
12.6
12.635
12.7725
12.51
12.0425
11.7425
11.65
11.7225
11.735
11.7725
11.92
12.0475
12.0175
11.9
11.8075
11.855
12.36
12.9325
13.2775
13.4175
13.335
13.2825
13.24
13
12.725
12.355
12.1125
13.4925
14.2775
15.755
17.16249975
16.8624995
16.9149995
16.3349995
15.77999975
15.03
14.1925
13.3825
13.0275
12.9775
13.07
13.5025
13.2
13.3175
13.6275
13.37
13.2575
13.235
13.1725
13.765
14.5325
15.33500025
16.0200005
16.23250025
16.07500025
15.505
14.91249975
14.195
13.63
13.3925
13.515
14.02
14.81250025
15.7125
16.79249975
17.78249975
19.2549995
20.61749975
20.65499975
20.50999975
18.58499975
16.64249975
15.5075
14.4425
14.19
13.935
13.73
13.3225
13.085
12.7575
12.5275
12.4
12.5825
12.705
12.93
13.3625
13.605
13.415
13.03
12.5675
12.1975
12.1
12.3125
12.4375
12.575
12.835
12.725
12.4725
12.0375
11.6575
11.465
11.3975
11.5325
11.9525
12.4375
13.0875
13.3025
13.0275
12.6025
11.9225
11.6
11.51
11.4075
11.4625
11.38
11.475
11.78
12.09
12.1675
12.1425
11.79
11.2975
11.07
10.7725
10.975
11.27
11.565
11.9025
11.675
11.52
11.39
11.27
11.2475
11.1175
11.0625
10.885
11.1575
11.385
11.49
11.6975
11.64
11.6275
11.6225
11.7525
12.0475
12.255
12.34
12.0575
11.6375
11.365
11.3775
11.7125
11.8175
11.7925
11.9025
11.735
11.6225
11.605
11.365
11.575
11.975
12.435
12.84
12.8475
12.5275
12.1025
11.7475
11.715
11.9275
12.02
12.3575
12.3625
12.485
13.05
13.595
14.44
15.2125
15.365
15.2025
14.9925
14.54
14.5325
13.6375
12.595
11.77
10.7025
10.6975
10.535
10.47
10.55
10.46
10.575
10.37
10.19
10.1275
10.135
10.2925
10.4075
10.5175
11.765
12.83
13.235
13.305
12.0875
10.9275
10.415
10.135
10.05
10.1475
10.1225
10.1075
10.03
10.04
10.165
10.2675
10.425
10.6775
10.685
10.805
10.855
10.585
10.5725
10.6275
10.59
10.615
10.5275
10.2875
10.365
10.2525
10.6075
10.9275
10.9675
11.2275
11.5025
11.505
11.4775
11.4325
10.8725
10.55
10.15
9.8825
9.78
9.7525
9.77
9.655
9.54
9.45
9.455
9.6425
9.8575
10.065
10.1875
10.23
10.2675
10.21
10.17
10.34
10.5075
12.01000025
13.40500025
13.74750025
13.98000025
12.905
12.915
13.3975
13.685
13.5875
12.7625
12.255
11.7775
11.77
11.6325
11.38
11.2075
10.91
11.0425
11.145
11.385
11.8825
11.5075
11.245
10.9825
10.5625
10.4225
10.315
10.235
10.07
9.945
9.805
9.8125
9.91
9.96
9.95
9.775
9.595
9.505
9.525
9.445
9.495
9.7
9.8125
9.9775
10.0425
9.8625
9.82
9.935
9.975
10.085
10.1
10.29
10.5625
10.8575
11.19
10.8725
10.7075
10.445
10.17
10.2025
9.8625
9.6675
9.59
9.5525
9.8925
10.365
10.7675
11.22
11.8775
11.995
11.9775
11.7425
10.8925
10.4225
9.9825
9.7875
9.8625
10.0675
10.47
10.86
11.2725
11.43
11.365
11.0475
10.5225
10.025
9.75
9.755
9.9825
10.0025
9.905
9.8675
9.675
9.725
9.8175
9.8725
10.06
10.2
10.485
10.365
10.035
9.795
9.34
9.2775
9.51
9.66
9.825
9.985
10.38
10.9025
11.4875
11.765
11.6075
11.405
11.2175
11.295
11.3075
11.9925
12.8225
13.3125
13.91
14.77749975
20.40999975
24.51999975
28.08499975
32.12249975
30.0574995
28.96499975
28.2749995
24.72499975
22.24249975
20.70499925
19.6124995
19.8024995
19.6999995
18.95749975
17.75749975
17.39999975
17.6825
19.17749975
20.12499975
20.15999975
19.7875
18.61000025
17.8475005
16.8250005
16.18000025
15.82750025
16
16.4875
16.4925
17.16
17.40250025
17.7200005
19.6050005
21.06750075
21.77500075
22.9350005
22.81750075
21.59250025
22.24000025
21.89000025
21.18749975
20.93000025
20.3975
20.565
20.6675
20.99249975
20.24249975
19.15249975
18.17499975
16.92749975
16.20499975
15.84249975
15.92249975
16.19499975
16.79999975
17.26999975
17.11
16.8775
16.355
15.7675
15.7
15.8225
15.5325
15.3475
15.0325
14.4125
14.0275
13.5025
13.0575
13.36
13.4075
13.6025
13.725
13.3375
13.2875
13.075
12.8525
12.8875
13.8375
14.4275
15.1525
15.2125
14.1425
13.5075
12.56
12.2275
12.0875
12.075
12.25
12.4525
12.4375
12.345
12.3375
12.44
12.6075
13.2725
13.6375
14.6325
15.415
16.2325
17.0025
16.6925
16.6125
16.16999975
15.69999975
15.01999975
14.29249975
13.4175
13.0825
12.885
12.7575
12.805
12.4125
12.2925
12.465
12.4725
12.6125
12.69
12.545
12.365
12.4675
12.93
13.065
13.3175
13.1075
12.4525
12.0625
11.5075
11.1725
11.08
11.5525
12.515
13.13
13.9725
14.045
13.51
13.305
12.86
12.56
12.5025
12.3775
12.2025
12.265
12.225
12.61
12.785
12.95
13.365
13.645
14.15
14.4
14.2275
13.85
13.2225
12.7
12.815
12.7275
12.5725
12.505
12.005
11.8575
12.025
12.2975
12.48
12.46
12.355
12.145
11.945
12.47
13.175
14.085
15.17
17.35499975
19.89499975
21.2999995
22.63749925
21.30249975
19.40749975
19.09499975
18.74249975
19.24749925
20.074999
21.36749925
22.44999925
23.5799995
24.5775
24.1075
23.36000025
22.15500025
20.8575
20.00999975
19.67999975
18.935
18.23749975
17.58750025
17.7225005
18.63750025
19.7700005
20.42500025
19.84749975
19.86749975
20.17499975
20.3799995
21.22499975
20.92499975
20.05999975
19.4825
18.80000025
18.59250025
17.9475005
18.5100005
19.1100005
20.4000005
21.95
22.205
22.2724995
21.6274995
21.3749995
22.0649995
23.09499975
24.32749975
26.01499975
27.4125
30.035
31.2425
31.6375
31.19499975
28.53249975
26.7349995
25.6075
23.86749975
22.86249975
22.17499975
20.8074995
20.33749975
19.535
19.18500025
18.84000025
18.7250005
18.6925
18.37499975
18.9249995
19.04499925
19.25249925
19.1574995
18.675
18.57749975
18.27
18.0575
17.3749995
16.52499975
16.00249975
15.70499975
15.76250025
15.76000025
15.86000025
15.87250025
15.6925
15.81749975
15.55249975
15.41499975
15.00749975
14.5675
14.2175
14.21
14.4975
14.5575
14.875
14.555
14.42
14.43
14.67
15.425
15.77999975
15.67749975
15.18499975
14.38999975
13.7525
13.39
13.2225
13.26
13.3625
13.55
14.395
15.0875
15.28
15.66
15.1475
14.4925
14.1725
13.725
13.5525
13.52
13.375
13.33
13.465
13.395
13.445
13.1525
12.6625
12.3825
12.2775
12.2975
12.3225
12.3475
12.4825
12.7725
12.85
13.0575
13.0525
13.44
13.8625
13.8025
14.3825
15.5125
16.7575
18.315
18.46500025
18.7725
18.43749975
17.7725
17.58499975
16.4375
16
15.62749975
15.49249975
15.73249975
15.6175
16.255
17.0425
17.13749975
17.8524995
18.19249975
17.9599995
17.65749975
16.9625
16.3224995
16.06499975
16.03999975
16.03499975
15.915
15.75
15.59
15.4
15.0275
14.895
14.9075
14.935
15.42250025
15.7875
15.8925
15.8475
15.29249975
14.4725
13.66
13.21
13.185
13.475
13.59
13.5025
13.11
12.7575
12.715
12.975
13.26
13.7025
13.87
13.53
13.165
12.7375
12.395
12.45
12.9175
13.76250025
15.1900005
16.38500075
19.04750075
20.0600005
20.46500025
20.29
18.63499975
18.86499975
18.37249975
19.66999975
20.4725
19.81749975
19.6574995
18.5074995
17.1624995
16.71499975
17.46250025
17.91750025
19.045
19.7125
19.2149995
19.1299995
18.96749975
18.46249975
18.06
17.065
15.9675
15.435
15.02
14.825
14.4425
14.31
14.2675
14.2
14.2775
14.44
14.5575
15.33249975
15.80999975
15.99749975
16.5749995
16.37249975
17.0224995
18.14499925
18.61999975
18.82
18.6450005
18.575001
18.4550005
18.58750025
18.0175
16.58999975
15.315
14.3425
13.895
13.815
13.93
14.125
14.18
14.045
13.7075
13.37
13.1675
12.8225
12.965
12.7625
12.67
12.8625
12.7125
12.82
12.63
12.5275
12.5425
12.61
12.855
12.695
12.64
12.605
12.5375
12.8075
12.7775
12.53
12.22
11.875
11.945
12.705
13.81
14.5725
15.0475
14.725
14.7
14.92
15.0375
15.1175
14.31
13.425
12.75
12.41
12.3775
12.47
12.55
12.5725
12.61
12.84
13.3925
13.67
13.625
13.7725
13.53
13.5325
13.7775
13.4075
13.085
12.7175
12.4525
12.4225
12.3625
12.3075
12.4225
12.545
12.71
13.325
14.67
15.51250025
16.365
16.5975
16.75
17.1724995
17.0874995
17.0024995
16.0324995
15.40749975
15.155
15.1625
14.8575
14.5275
14.1875
14.1
14.26
14.6125
15.4625
18.01250025
21.38000025
24.38
29.9
33.67
35.0624995
37.37749975
35.58499975
35.46249925
37.5924995
42.00249925
45.829999
49.39999975
57.78250025
58.625001
67.47250175
72.97500225
73.22000125
76.76250075
72.6000005
69.0199995
65.32499975
63.3125
62.05249975
63.04
61.892501
59.290001
58.30500125
54.647501
52.07750025
50.0025005
47.4125005
45.5225
44.23999975
43.22249875
40.987498
40.3599985
39.96999925
39.21500025
40.73250125
41.87500125
42.342501
43.15000075
41.17500025
38.1450005
36.0425005
33.50500025
33.06000075
34.03500025
34.6350005
35.23000075
35.2225
33.7850005
31.78750025
30.2775
30.0075005
30.9675
32.12500025
33.205
32.2699995
31.0825
29.92749975
29.33750025
29.0525005
28.42250025
28.3300005
28.09500025
27.93250025
27.98750025
27.7925
27.06
26.63499975
25.70749975
25.4499995
25.9274995
26.36749975
30.435
33.00500025
34.71250075
36.23750025
34.40750025
33.62
33.79999925
33.32499975
32.79999975