21.0120004
21.918
23.134
23.5299998
23.8739996
24.7319998
24.304
24.3760002
24.484
24.7299998
24.9879996
25.7439998
25.6919998
26.198
26.1920004
26.0400008
25.6480006
25.2680006
24.7560008
24.5420008
24.3220006
24.1960008
24.1640004
23.9780002
23.5299998
22.7179996
22.1359996
21.816
21.8419998
21.9400002
22.7360006
23.2920002
23.2740002
22.8940004
22.7660002
22.296
21.9900004
21.562
20.984
20.552
20.3439998
19.9519996
20.0519996
20.1619996
19.9759994
19.4399998
19.084
18.686
18.776
19.5620002
20.1299998
20.3899996
20.7799998
20.7139998
19.8579996
19.7119998
20.3619998
20.248
20.7000002
21.2500002
21.6560002
21.548
21.798
20.9379998
20.6559998
20.4539998
20.0699998
20.2659996
21.2119994
21.9179996
22.5999996
22.864
22.5020002
22.0600004
21.8320006
20.9040006
20.2500004
19.9420002
19.454
18.472
18.098
18.11
17.9739998
18.13
18.6359996
19.1339994
19.3339994
19.1479994
18.8839994
18.3619998
17.6779998
17.3479998
17.242
17.3280002
17.352
17.7580002
17.6780004
17.7160006
17.5940004
17.8080002
17.852
17.8479998
17.7499994
17.8479994
17.4379996
16.9639998
16.9559996
17.0599998
16.7239998
16.9979996
16.7239996
16.3019998
15.7659998
16.458
16.328
16.5400002
16.6860002
16.9780002
16.206
16.0460002
16.0100002
16.2600002
16.3060002
16.5380002
16.6700002
16.784
16.7459998
16.8819998
16.8999998
16.8479998
17.2919998
17.5919998
17.2999998
18.6859998
19.712
19.9700002
20.3100004
21.4080006
20.9040006
20.7680006
21.0580002
21.0920002
22.616
25.566
27.8939998
29.22
30.0119998
29.4139998
27.3799998
25.6659998
24.6739996
25.2279998
25.584
25.7279998
26.6719998
28.1199998
29.982
31.2619998
31.8959998
31.94
31.306
29.9899996
29.1839996
29.1739998
29.0539996
29.616
29.3840002
29.2720002
29.032
28.9520002
28.78
29.1459998
29.1879996
29.2759998
29.2279994
29.0939994
28.9899998
29.1919998
29.1899996
29.252
29.254
29.068
28.568
28.2620004
28.2040002
27.9720002
27.72
27.7160004
28.402
29.0600002
30.3540002
31.1720004
31.892
32.0400004
32.0760004
31.2000004
30.3840004
29.5100006
28.7340004
28.1160004
28.0040006
28.5820004
29.4360006
30.0260006
30.3780006
30.6200004
30.4760006
30.1380004
29.8560006
30.0220006
30.1300008
29.5160004
28.6660004
27.7600002
26.1639998
24.5199996
23.3959998
22.466
21.568
21.2080002
20.8900002
21.1740002
21.5560002
22.13
22.694
22.93
22.8360002
22.6700002
22.2660006
22.0080008
22.0940008
22.3520006
22.6960004
22.7640004
22.85
23.102
23.356
23.2280002
23.588
23.604
23.366
23.2020002
23.416
23.7619998
24.1459998
24.8899996
25.4079996
26.1579996
26.634
27.4140004
28.2140004
29.55
30.23
31.318
32.768
33.9240002
33.9040006
33.1280008
31.6800004
29.3060002
27.0540002
25.198
24.28
23.6420004
23.3860002
23.0400002
22.5300004
22.1400002
21.9080002
21.6700006
21.3280004
21.5900002
22.1280002
22.5959998
22.7359994
22.8959996
22.5319998
22.1079998
21.346
20.8020002
20.8020002
20.7860002
20.6920002
21.3500004
21.4580002
21.2580002
21.348
21.392
20.992
21.0060004
20.8640002
20.828
20.7439998
20.7479994
20.4219992
19.5299994
18.3079996
17.1259998
16.108
15.5660002
15.5560004
15.9400006
16.2580006
16.4520006
16.4920002
16.5939998
16.5979994
16.7839994
16.9119994
17.1719998
17.464
17.614
17.612
18.1560002
18.58
18.426
18.5900004
18.4080004
17.5480002
16.6960002
16.5000002
15.946
16.0020002
16.2420002
16.492
16.67
16.988
17.2859998
17.5299998
17.74
17.814
17.808
17.738
17.5819998
17.584
17.514
17.5740002
17.5220002
17.6300004
17.75
17.764
17.5839996
17.4719996
17.0859996
16.6419998
16.416
16.1340002
15.8480002
15.8140002
15.7860002
15.75
16.0780002
16.1780002
16.2780002
16.4600002
16.6700002
16.7899998
17.0199998
17.2839996
17.2959996
17.0959996
16.7019998
16.4659996
16.41
16.362
16.468
17.0240002
17.3660004
17.4740002
17.6980004
18.3060002
18.3779998
18.3339996
18.6319994
18.7279992
18.8759996
19.0999998
19.4120002
18.9960002
18.9840004
18.4820004
18.0280004
17.6940002
17.3700004
16.8120002
16.636
16.454
16.232
16.226
16.216
15.97
15.748
15.502
15.448
15.41
15.46
15.474
15.55
15.652
15.69
15.558
15.396
15.302
15.144
15.256
16.4420002
17.2680004
17.3740004
17.2540004
16.9340004
15.6580002
14.978
14.916
14.962
14.972
15.324
15.668
16.0679998
16.4559998
17.1099998
17.4399996
17.5959994
17.3759994
17.5999992
17.6179992
17.5099994
17.4299994
17.6999994
17.5399996
17.2519994
16.9239996
16.5479998
16.106
15.9519998
15.846
15.5999998
15.6259998
15.964
15.8280002
16.3740002
16.974
17.5200002
17.6719998
18.0659998
17.6919996
17.3739996
16.6359994
16.3399996
15.9939996
15.9839998
16.0499998
16.3319998
16.1919998
16.1679998
15.9259998
15.726
15.566
15.538
15.508
15.688
15.874
16.0759998
16.1739998
16.1399998
15.8479998
15.3599998
14.856
14.454
15.604
16.2820002
17.5420002
18.8320002
19.8620004
19.8660006
20.5940004
20.4860002
20.3740002
20.604
20.3999998
19.956
19.9040004
19.9740006
19.7300008
19.6420008
19.6800004
19.8860002
19.664
19.4319996
19.0079998
18.6540002
18.0960004
17.8720002
17.8260004
17.6240004
17.1340002
16.666
16.2140002
16.21
16.7499996
17.4059998
18.0679998
18.7199996
19.0399998
18.9219998
18.9239994
18.8639996
18.6739998
18.2299998
17.9639998
17.6999998
17.2739996
16.9559996
17.1379996
17.0099998
16.7739998
16.7579998
16.8079998
16.7579998
16.932
17.1380002
17.3700002
17.6760004
17.7340002
17.8539998
18.114
18.336
18.4079996
18.356
18.1860004
17.9180004
17.6220006
17.5540006
17.4460004
17.316
17.2
17.2199996
16.8459998
16.7419996
16.6999998
16.6619996
16.6119996
16.7939996
17.0439996
17.4359994
18.0499994
18.6099996
18.8939996
19.274
19.524
19.244
18.9999998
18.622
18.002
17.3620002
17.0560002
16.7100004
16.6160002
16.5160002
16.4700004
16.3100004
16.1580004
16.1300004
16.1880002
16.3419998
16.4819996
16.6319994
17.1579992
17.8919992
18.0579992
18.0839994
18.1379996
17.5719998
16.5719998
15.964
15.78
15.6880002
15.6840002
15.8200002
15.9920002
16.1040002
16.046
16.044
15.984
16.1640002
16.2500002
16.3340002
16.506
16.7080002
16.516
16.166
15.97
15.6460002
15.436
15.27
15.16
14.738
14.424
14.11
13.892
13.952
14.036
14.066
14.054
14.194
14.124
14.196
14.174
14.332
14.484
14.764
15.2180002
15.7440004
15.8040004
15.7180004
15.5680004
15.8600002
16.2420002
16.514
16.894
16.756
16.02
15.2599998
14.932
14.242
14.006
13.794
13.69
13.73
14.254
14.69
14.942
14.906
14.734
14.268
13.666
13.2
12.98
12.71
12.53
12.74
12.952
13.106
13.354
13.444
13.418
13.452
13.412
13.398
13.504
13.58
13.726
13.88
14.016
14.318
14.53
14.752
14.896
14.916
14.666
14.56
14.388
14.458
14.7740002
15.1300002
15.1600002
14.9960002
14.6220002
14.1
13.656
13.302
13.146
13.114
13.128
13.12
13.158
13.076
13.08
13.076
13.348
13.626
13.88
13.97
14.02
13.842
13.668
13.88
14.228
14.446
14.536
15.1099998
15.708
16.672
17.6680002
19.0160002
19.6060004
20.1500002
20.0460002
19.636
19.116
18.6860002
17.9860002
17.55
17.3440002
16.9840004
16.7300002
16.62
16.4220002
16.296
16.1619998
16.0879998
16.026
16.096
16.314
16.3800002
16.3620002
16.0700002
15.5820002
14.9900002
14.532
14.33
14.314
14.44
14.568
14.68
14.672
14.484
14.192
13.722
13.312
12.962
12.83
12.71
12.69
12.596
12.442
12.24
12.026
12.03
12.174
12.28
12.412
12.548
12.548
12.426
12.29
12.088
11.956
11.742
11.628
11.74
11.868
12.038
12.25
12.608
12.834
13.05
13.474
13.714
13.614
13.5
13.31
12.764
12.324
12.05
11.906
11.852
11.792
11.738
11.716
11.594
11.566
11.636
11.86
12.05
12.21
12.232
12.282
12.378
12.556
12.802
13.064
13.144
13.04
13.548
14.032
14.458
14.924
15.388
15.244
15.008
14.648
14.276
14.056
13.546
13.228
13.164
13.348
13.8719998
14.2079998
14.3639998
14.5279998
14.8439998
14.548
14.616
14.74
14.722
14.236
14.02
13.722
13.304
12.886
12.682
12.476
12.318
12.336
12.524
12.982
13.28
13.682
13.904
13.866
13.352
12.868
12.372
11.836
11.528
11.554
11.602
11.672
12.016
12.43
13.068
13.466
13.668
13.692
13.504
13.034
12.676
12.528
12.612
12.73
12.894
13.136
13.372
13.68
13.956
14.038
14.206
14.352
14.196
14.22
14.214
14.184
13.902
13.726
13.518
13.432
13.32
13.452
13.404
13.524
13.738
13.834
13.788
13.758
13.41
12.86
12.442
12.112
12.018
12.002
11.934
11.968
12.086
11.888
11.66
11.588
11.432
11.284
11.3
11.852
12.204
12.4
12.258
12.162
11.592
11.138
10.81
10.842
10.964
10.97
11.208
11.426
11.498
11.47
11.528
11.408
11.32
11.402
11.432
11.462
11.53
11.686
11.806
11.99
12.154
12.226
12.296
12.268
12.192
12.048
11.938
11.788
11.674
11.702
11.744
11.86
11.962
12.02
11.938
11.948
11.824
11.77
11.62
11.852
12.13
12.368
12.334
12.534
12.584
12.476
12.614
12.952
13.44
14.2699998
14.4799998
14.4799998
14.2959998
13.8739998
12.852
12.628
12.554
12.426
12.498
12.654
12.664
12.694
12.736
12.618
12.506
12.246
11.818
11.584
11.398
11.238
11.226
11.266
11.388
11.488
11.532
11.67
11.806
11.802
11.792
11.774
12.024
12.584
13.286
13.792
14.232
14.324
14.164
13.836
13.866
14.1
14.47
14.624
14.964
15.252
15.084
14.672
14.496
14.314
13.886
13.798
13.798
13.582
13.326
13.056
12.782
12.566
12.548
12.176
11.92
11.634
11.328
11.024
10.978
10.768
10.424
10.14
9.864
9.678
9.754
10.03
10.466
11.04
11.458
11.554
11.67
11.53
11.164
11.04
11.182
11.344
11.382
11.61
11.678
11.7
11.516
11.504
11.448
11.398
11.28
11.108
10.878
10.684
10.538
10.426
10.516
11.578
12.244
12.846
13.384
14.082
13.924
13.988
13.936
13.902
13.812
13.86
13.708
13.81
14.376
14.578
14.612
15.074
15.508
15.5880002
15.8280002
15.7060002
15.7860002
15.4520002
15.4899998
15.2639998
15.734
15.444
15.464
14.7060002
14.3960002
13.942
13.664
13.224
13.358
13.428
13.54
14.16
15.416
16.8200002
18.8600004
19.5060002
19.684
19.362
18.6559998
17.2039998
16.862
16.7900002
16.6480002
16.4600002
16.5819998
16.6839998
16.6819998
16.4139998
16.2059998
15.614
14.988
14.488
14.256
14.09
14
14.098
14.108
14.37
14.78
15.056
15.308
15.488
15.38
15.082
14.86
14.26
13.634
13.284
13.048
12.778
12.754
12.788
12.728
12.636
12.634
12.694
12.632
12.74
12.744
12.864
12.96
13.06
12.838
12.548
12.188
11.79
11.714
12.122
12.742
13.242
13.822
14.7039998
15.0179998
15.0859998
15.1659998
15.3359998
14.864
14.742
14.674
14.592
14.25
14.144
13.84
13.384
12.91
12.514
12.036
11.686
11.542
11.544
11.532
11.536
11.538
11.584
11.66
11.642
11.584
11.506
11.39
11.42
11.662
11.91
12.164
12.276
12.266
12.016
11.946
11.716
11.642
11.63
11.978
12.09
12.162
12.168
12.158
12.03
11.87
11.766
11.846
11.814
11.656
11.63
11.746
11.724
11.976
12.498
12.914
13.17
13.174
13.11
12.92
13.056
13.336
13.738
14.084
14.384
14.32
14.072
14.088
14.038
14.214
14.72
15.254
15.708
15.836
15.692
15.07
14.788
14.52
14.2
14.208
14.416
14.54
14.758
15.276
15.7179998
16.0259996
16.1399996
16.0759996
15.8059996
15.3239998
15.066
14.994
14.976
15.414
15.9760002
16.268
16.484
16.568
16.518
16.3799998
16.452
16.28
16.262
16.162
16.0519998
16.1679998
16.7379998
17.044
17.21
17.2140002
16.9560002
16.6120004
16.434
16.288
16.2679998
16.334
16.6259998
16.5240002
16.3960002
16.0820004
15.4320002
14.3760002
13.726
13.238
12.938
12.742
12.652
12.458
12.268
12.234
12.396
12.552
13.038
13.33
13.468
13.522
13.548
13.202
12.926
12.792
12.386
11.948
11.802
11.686
11.492
11.702
12.032
12.062
12.04
11.918
11.738
11.632
11.636
11.69
11.666
11.612
11.404
11.246
11.184
11.284
11.344
11.382
11.434
11.454
11.45
11.536
11.664
11.656
11.582
11.428
11.588
11.528
11.58
11.754
11.876
11.808
12.302
12.716
12.984
13.17
13.166
12.742
12.482
12.2
12.084
11.922
11.808
11.582
11.478
11.356
11.454
11.414
11.658
11.896
12.332
12.666
12.924
13.014
13.052
12.948
12.806
12.828
12.644
12.378
12.274
12.308
12.38
12.392
12.468
12.386
12.276
12.114
12.08
12.058
12.102
11.996
11.878
12.02
12.082
12.098
12.272
12.55
12.618
12.574
12.606
12.496
12.352
12.382
12.576
12.436
12.306
12.086
11.786
11.664
11.832
12.092
12.282
12.552
12.802
12.898
12.896
13.032
12.988
12.68
12.338
12.028
11.696
11.294
11.154
11.128
11.134
11.176
11.25
11.368
11.61
11.694
11.724
11.776
11.73
11.676
11.632
11.668
11.83
11.966
12.008
12.216
12.278
12.292
12.378
12.614
12.658
12.716
12.774
12.792
12.73
12.81
12.972
13.16
13.318
13.414
13.534
13.54
13.462
13.362
13.18
13.024
12.962
12.99
12.848
12.788
12.614
12.44
12.476
12.526
12.67
12.832
12.892
12.704
12.714
12.486
12.202
11.994
11.828
11.628
11.592
11.52
11.564
11.526
11.466
11.316
11.4
11.566
11.808
12.008
12.288
12.464
12.64
12.686
12.796
12.788
12.844
12.99
13.31
13.702
14.358
14.606
14.786
14.88
14.822
14.522
14.46
14.414
14.226
14.122
13.984
13.942
13.852
13.816
13.904
14.312
14.546
14.564
14.56
14.344
13.864
13.39
13.086
12.93
12.68
12.534
12.676
12.768
12.834
12.992
13.014
12.918
12.752
12.424
12.196
12.056
12.044
11.884
11.866
11.82
11.668
11.314
11.33
11.54
11.772
11.774
11.854
11.65
11.182
10.848
10.912
11.61
12.116
12.484
12.424
12.438
11.826
11.59
11.6
11.95
12.086
12.208
12.568
12.834
12.952
13.556
14.416
14.598
14.728
15.104
14.88
14.45
14.228
13.922
13.592
13.486
13.144
13.016
12.876
12.646
12.418
12.416
12.358
12.604
12.858
13.292
13.608
13.856
14.136
14.382
14.452
14.748
15.1959998
15.3439998
15.7659996
15.6719996
15.4659996
15.1959998
15.3979996
15.3639996
15.8139994
16.3099996
16.6979994
16.7559996
16.6499998
16.6179998
16.5079996
17.304
17.85
18.448
18.762
18.85
18.018
17.5999998
17.4519998
17.558
17.72
17.8219996
17.9279998
17.8179996
17.6639994
17.7479994
18.1139994
18.1259994
17.8559998
17.544
17.148
17.116
17
17.7539996
18.4179996
18.6579994
18.2799996
18.1059998
17.476
16.828
16.3760002
16.0860002
15.798
15.366
15.028
14.954
14.968
15.132
15.364
16.1440002
16.5340004
16.8280004
17.0360006
16.9780006
16.6520004
16.4340002
16.0820002
15.688
15.65
15.394
15.298
15.426
15.646
15.628
15.72
15.802
16.026
16.256
16.36
16.34
16.6040002
16.4560002
16.2340004
16.3980004
16.4040004
16.3880004
16.4880004
16.6800002
16.7360004
17.2440002
17.3799998
17.534
17.6420002
17.6119998
17.044
16.7340002
16.33
15.8679998
15.312
14.888
14.462
14.214
14.01
14.39
14.938
15.28
15.544
16.2639998
16.4639998
17.202
18.124
18.8659998
18.89
18.924
18.9839998
19.2739996
19.718
20.0099998
20.048
19.984
19.7800004
19.384
19.2580002
19.0060002
18.4600004
17.7400002
17.0960004
16.5520006
16.4680004
16.1100002
16.0060002
15.9500002
15.834
15.642
15.582
15.246
14.958
14.608
14.482
14.504
14.58
14.696
15.1979998
15.7639998
16.3819996
17.0879994
18.1699994
18.3459996
18.2159998
17.772
17.256
16.348
15.968
15.7819998
15.6799998
15.64
15.6520002
15.7420002
15.948
16.0900002
16.162
16.178
16.268
16.3660004
16.486
16.5980004
16.7300002
16.4700002
16.102
15.8080002
15.67
15.568
15.622
15.626
15.676
15.578
15.408
15.41
15.58
15.694
15.8640002
16.16
16.6020002
17.0740002
17.4500004
17.8560002
18.1000006
18.2200002
18.1600004
18.0340002
17.732
17.5519996
17.1299998
16.3299996
15.8719996
15.4559998
14.772
14.488
14.704
14.678
14.888
15.284
15.396
15.554
15.9019998
16.1059996
16.3799994
16.9819994
17.5359994
17.7279996
17.9639996
18.2999998
18.2639998
18.1039996
18.4539996
18.916
19.37
20.218
20.7960002
20.7440002
20.408
19.96
19.462
19.044
18.878
18.9499998
19.0819998
19.3659998
19.8579996
19.9659994
20.1179994
20.0859994
19.9499994
19.9039996
20.0039996
19.9939998
19.9779998
19.8099998
19.55
19.35
19.102
18.8099998
18.3479998
18.1199994
18.2599996
18.5719996
19.1579998
19.7859998
19.9859998
20.0139996
19.8979996
19.6359996
19.8019994
19.9399996
19.8259998
20.0399998
20.1479996
19.8319998
19.6459998
19.7019998
19.512
19.6400004
20.0260004
20.2900002
20.4220002
20.478
20.5039998
20.4379998
20.548
20.7579998
20.886
20.636
20.516
20.16
19.7820002
19.508
19.5320002
19.3940004
19.4920002
19.8820004
20.2840004
20.7100002
20.9959998
20.9720002
20.7939998
20.3939998
19.7099998
19.566
20.0559996
20.2119998
20.6199996
21.1939998
20.9399998
20.214
19.7340002
19.1860002
18.75
18.856
18.972
18.9339998
18.7499998
18.6899996
18.4879996
18.6899996
18.9439996
19.5119998
19.936
20.416
20.664
20.7219998
20.6379996
20.4459998
19.7179998
19.4759996
19.6839998
19.94
20.2179998
20.738
20.7620002
20.754
20.704
20.434
20.7259998
20.9719998
20.662
20.3000002
20.0720002
19.3740002
18.9500004
18.9540006
18.9020004
18.9860006
19.5400006
19.6700004
19.8340002
20.1020004
20.0520004
19.7740002
19.5800004
19.3300004
18.9600002
19.026
19.0880002
19.314
19.6340002
19.9520002
20.1380004
20.4220006
20.5360006
20.7460004
21.0900004
21.294
21.362
21.414
21.0540002
20.2540002
19.8360002
19.282
19.162
19.2059998
19.4539996
19.5439998
19.5919998
19.384
19.5080002
20.1520006
20.9380006
21.4920006
21.8800002
21.9639998
21.6719996
21.3379996
21.3879996
21.4059996
21.5099998
21.804
21.8240002
21.548
21.28
20.938
20.9719996
21.1379994
21.7599996
22.6539998
23.322
23.7200004
24.0400006
23.8180004
23.1320004
23.2760002
23.334
23.2799998
23.698
24.332
24.468
24.472
24.5580002
24.6020004
24.8040004
24.7640002
24.6920002
24.5639998
24.5019994
24.6459994
24.8179996
25.0859996
25.0619998
24.954
24.452
23.966
23.234
22.88
22.5879998
22.4839996
22.3879996
22.4179996
22.5999996
22.5359998
22.398
22.2540002
22.1300004
21.6060006
21.2960006
21.3040004
20.9460002
20.676
20.6159998
20.4719996
20.116
20.5040002
20.596
20.5040002
20.4660006
20.9580004
21.2540002
23.3340006
25.6720002
28.45
31.4920002
33.8760002
34.07
34.2740006
33.9600006
32.8340004
33.0700004
33.9780006
34.8060004
35.9380004
36.7520002
36.2300002
35.22
34.2539996
32.6719996
30.8079998
29.4059998
29.0499996
28.53
28.3340002
28.3560002
28.2280002
27.4000004
26.3940002
25.372
24.416
23.8579998
23.398
23.5239998
24.2819996
25.3359996
26.166
26.716
27.0720002
26.9840006
27.2360006
27.4740002
28.2240002
29.0120002
29.428
28.9500002
28.1140002
26.944
25.574
24.5920002
24.366
24.5040002
24.9040002
25.9580004
26.6900002
26.5920002
26.3280002
25.8160004
24.4080002
23.1340002
22.6060004
22.4880004
22.4620002
22.926
23.05
22.9559996
22.6539996
22.2839994
21.7619998
21.4419998
21.1399998
21.068
20.8760002
20.9139998
20.9119998
20.8779998
20.5659996
20.4319996
20.2739998
20.0739998
19.9739998
19.8279998
19.6579998
19.3759998
19.168
18.918
18.8279998
18.868
18.8060002
18.998
19.4580002
19.5760002
19.784
19.8619998
19.7239996
19.1879996
19.1019996
18.7579996
18.6039996
18.484
18.386
18.3820004
18.6760004
19.0460004
19.8960004
20.9060002
21.8619998
22.7979998
23.5399996
23.7059996
23.5399998
23.21
22.7719998
22.66
22.6199998
22.5259998
22.7159998
22.5440002
21.99
21.7679998
21.6179998
21.1419996
20.8019994
20.5119998
20.22
20.4619998
21.602
22.454
23.122
23.238
22.7120002
21.5580002
21.016
21.018
21.4599998
21.7059998
21.8519996
21.7559998
21.2859998
20.5359998
20.51
20.6380004
20.5200002
20.4099998
20.3579998
20.0679996
20.1439994
20.5839996
20.7539998
21.142
21.91
21.896
21.948
22.0439998
21.736
21.286
20.99
20.716
21.1860002
21.7860002
22.8580004
23.7140002
23.996
23.762
23.5899998
22.7899998
21.864
21.2900002
20.8600002
20.3480004
19.8740002
19.782
19.378
18.862
18.7159996
18.5259998
18.148
18.18
18.23
18.1560002
18.0079998
18.0219996
17.7839994
17.4459994
17.2619994
17.7059996
18.1919998
19.4
20.756
21.9139998
22.9439998
23.838
23.768
24.1259998
24.696
25.8579998
26.8659996
27.9739998
28.418
28.972
29.1420002
28.886
29.2299998
30.6939998
31.316
30.614
30.6420004
30.6580004
30.4180002
30.4059998
30.7919998
31.2819994
32.9919992
34.283999
36.779999
38.009999
39.1339988
39.709999
40.4519996
39.1760002
39.8120002
41.5180008
41.9800012
41.032001
40.768001
40.0240008
38.8120006
37.7900004
37.7920008
37.8000002
37.1060006
36.1920006
35.3760002
34.6339996
34.5260002
36.2220002
37.9860002
39.1700006
40.758001
41.7820008
42.2940002
42.7460006
43.0920006
42.5440004
42.3500002
41.4400004
38.96
37.4839998
36.096
34.6720002
33.5220002
33.1600004
32.6500004
32.5000004
32.4680004
32.3100002
31.904
31.0599998
30.0359996
28.9979994
27.988
27.29
26.8200004
26.9860004
27.0680004
27.288
27.9420002
28.6080002
28.7700002
28.7260004
28.4580004
27.7020002
26.3899998
24.9779998
24.0439998
23.048
22.366
23.0740002
23.7
24.1299998
25.44
26.0839998
25.8619998
25.984
26.03
25.6519996
26.1339996
27.4159994
28.1839994
29.0439992
29.2739992
28.7379996
27.248
25.9200002
23.9700002
22.6740004
22.3660002
22.03
22.1419998
22.984
23.922
24.1139998
24.3459998
24.552
24.3240002
24.182
24.9100002
26.2640004
27.9860002
29.178
29.9340002
30.0340002
30.196
29.9900002
30.368
30.366
30.592
30.0300002
28.89
28.1980002
27.9840002
27.614
27.8879998
28.5719998
29.0919998
29.732
30.2460004
29.8340004
29.8520004
29.7280004
29.5860002
29.5860002
29.962
29.1840002
28.5520002
27.864
27.3759998
27.0919998
27.5919998
28.1379996
28.504
28.236
27.4760002
26.7100002
25.8700004
25.0200004
24.5600006
24.7120006
24.8520004
24.8780004
25.0340002
24.9859998
24.8819998
24.8339998
25.2579998
25.4639998
25.504
25.4480002
25.1560004
24.2480004
23.5800004
23.1260002
22.7560002
22.578
22.5939998
22.4599998
22.402
22.3499998
22.3659998
22.7920002
23.0600002
23.4860002
24.3840002
24.8420002
24.5159998
24.254
24.026
23.4480002
23.1160004
23.3340006
23.8220002
24.2840002
24.408
24.86
25.0180002
25.4940006
25.5520008
26.046001
26.046001
26.2340006
25.7500004
26.0500004
26.1820004
26.5100002
26.3000004
26.1880002
25.696
25.764
26.092
26.59
27.3220004
27.5200002
27.3200002
26.782
26.5080002
25.57
25.2480004
24.7280002
24.2660004
24.0900002
24.5840002
25.13
25.508
25.208
24.5340002
23.7040002
22.764
21.9220002
21.7060002
21.9279998
21.9299998
22.0939998
22.2559996
22.2099996
21.536
20.916
20.5360002
20.1040002
19.9340002
19.5879998
19.8019998
19.646
19.5179998
19.2059998
19.098
18.966
19.334
19.684
20.5579998
21.7379998
22.9199998
23.2079996
23.4859998
23.78
24.0439998
24.1659998
24.7739998
25.6839998
26.1819998
26.574
26.988
27.4240002
27.022
26.6260002
25.768
24.85
23.4939998
23.0759998
22.9479994
23.0759998
22.9719996
23.1179996
22.6499996
22.0139996
21.7899994
22.2059994
22.6159996
23.0099998
23.6740002
23.5040002
23.2660006
23.1400004
23.1560004
22.6560004
23.0380002
23.104
23.2519998
23.6999998
23.9539994
24.1819998
24.5579998
24.6840002
25.2020002
26.1000006
26.5740004
26.6560002
26.916
26.43
25.8579998
25.4699996
25.216
24.3299998
23.9639998
23.0759998
22.3099998
21.9199996
22.6999996
23.1939994
24.8459994
26.3579998
27.1019996
26.6899998
26.284
24.8619998
23.9439996
23.4839998
23.544
23.008
23.1200004
22.8180004
22.5860004
22.3780002
22.7100002
22.602
22.5580002
22.4780004
22.2980004
22.1120004
22.1100004
22.2840002
21.89
21.6299998
21.1679998
20.66
20.108
20.162
20.0220002
20.5360002
21.428
22.268
22.514
22.816
22.214
21.616
20.998
20.802
20.6860002
21.1180002
21.346
21.7399998
21.896
22.0399998
22.0139998
22.4260002
22.3460004
22.4260002
22.2680004
22.6120004
22.45
22.536
23.002
23.7059996
23.9339994
24.7419996
25.4059996
25.5999996
25.0159996
24.5159996
23.6139996
22.8999996
22.0959994
21.6839996
21.6419998
21.4859996
21.2679996
21.0899998
21.9719998
22.2759998
22.5380002
22.8960004
23.9600002
24.1360004
24.2220006
24.2400006
23.9340004
23.0140008
22.5820008
22.1420006
22.0980004
22.3100004
22.8860002
23.2039998
23.5379998
23.6599998
23.6799998
23.9959998
24.2920002
24.486
24.6599998
25.066
24.802
24.304
23.854
23.19
21.9919996
21.3559996
21.5439992
21.9799994
22.2099994
22.6159996
22.8859996
22.9059998
22.6099998
22.322
22.5480002
22.57
22.0280002
21.8580002
22.1560002
22.3439998
22.6580002
23.2900002
23.8120002
24.454
24.6140004
24.5140004
24.9660004
25.8280004
26.1640006
26.2200002
26.612
26.6379998
26.7519998
27.2019998
29.0220004
29.6140006
29.3880008
28.9960008
28.2860008
27.0620006
26.3200004
26.49
26.3240002
26.3940004
26.096
26.748
27.68
28.5959998
28.8619998
29.3260002
29.4120002
29.0600006
28.4580006
28.1620002
27.4940002
26.5760002
25.398
24.6379998
24.5160002
24.744
25.0500002
25.1180002
25.2420004
25.048
24.5720002
24.128
23.7360002
23.1160002
22.7640002
22.6499998
22.4159998
22.4979996
22.6299994
22.5519996
22.2759998
22.0759998
21.6579998
21.33
20.9919998
20.8339996
20.6599998
20.9239998
21.2919998
21.6560002
21.8400002
21.7760002
21.3160004
20.7560006
20.2320004
20.1040006
20.2340006
20.1380002
20.296
20.3520002
20.1260004
19.9440004
19.9640006
19.7880008
19.7160006
19.6400004
19.4220004
19.3460006
19.4400004
19.3680002
19.3720002
19.504
19.8839998
20.0479998
20.2799998
20.3459998
20.4239998
19.98
19.6380002
19.2860006
19.1220006
18.9620008
18.9480004
18.718
18.5559998
18.3239998
17.9819996
17.6819996
17.5759998
17.4739996
17.3459994
17.2579996
17.154
16.9920002
16.8760002
16.9380006
16.8980004
17.0980004
17.7540002
18.5340006
18.8800004
19.2040002
19.378
19.132
18.6379998
18.4059998
18.418
18.788
18.9780002
19.3000002
19.6840002
20.1280002
20.3600002
20.8279998
21.1759998
21.0339996
20.9999996
20.9639996
20.9579998
20.932
21.2440004
21.6720002
22.2300002
22.8320004
23.8380002
25.734
26.7120002
27.2660004
27.8620002
28.292
27.208
26.536
26.116
25.4040002
24.9900004
25.6960006
26.1420004
26.296
26.1659996
25.6919998
24.7519996
24.1919998
24.004
24.2600002
24.536
25.1920002
26.1640004
27.0720002
27.452
27.55
27.1199996
26.3759992
26.0499994
26.0119998
26.3239996
26.5139998
26.938
26.9799998
27.1539996
27.5419998
27.8379998
28.008
27.4780002
26.9940002
26.1320002
25.1180002
24.264
24.2419998
23.9539996
23.8579998
24.6859996
25.5239998
25.982
27.6040002
28.564
28.764
28.9699998
29.1639996
28.1299996
27.5679996
28.0559998
27.6299998
27.3959998
27.8159998
28.4139998
28.0139998
28.0539996
27.818
26.9959998
26.084
25.472
24.7860004
24.2760002
24.0140004
23.2720002
22.6920004
22.546
22.412
22.2840002
22.4840002
22.482
22.2860002
22.1620004
22.0780004
21.9600004
21.8900004
21.8500002
21.8660002
21.812
21.6900002
21.6600002
21.4220004
21.4400004
21.9940006
22.8700004
23.9180004
25.3060002
25.968
26.3279998
26.8479998
27.1119998
27.156
27.4940002
27.374
26.5280002
25.7700004
25.4080006
26.0480004
26.3800004
27.4780004
28.332
29.1899998
29.082
29.764
30.2279998
31.084
31.1920002
31.0440002
30.2600006
29.5900006
28.8560006
28.4940002
28.9279998
30.4639998
31.5619998
31.716
32.3260004
32.4660006
31.4100006
30.2880004
29.5240004
28.4520002
27.1920004
26.13
25.2700002
25.1219998
25.4879998
26.0639996
26.7179998
27.0779996
26.8059998
26.2699998
25.412
24.778
24.7420004
24.7200004
24.5960006
24.6440006
24.6680006
24.3120004
24.2380006
24.1180004
23.972
23.4799998
22.9739996
22.5119994
21.8119994
21.3399996
21.3779998
21.198
21.072
21.3479998
21.6299998
21.7419996
21.9459996
22.1019994
21.5899996
21.1159994
20.5219996
20.1879996
20.052
20.2760002
20.4880006
21.1780008
21.7560006
22.2500004
22.5780002
22.6299998
21.8819994
21.3239996
20.8239996
20.5959998
20.4299998
20.556
20.3639998
19.9819998
19.5259996
19.3679998
19.6919996
20.3759998
21.2739998
22.2919998
22.6919998
22.5939998
22.6799998
22.552
22.47
22.554
22.7940002
22.9600002
23.486
23.566
23.666
23.598
23.3880002
22.6640004
21.9760002
21.3920002
20.97
20.8099996
20.6879994
21.0399996
21.3719996
21.5039996
21.2099998
21.1039998
20.8219998
20.78
21.4380002
21.9280004
22.7120004
23.0180006
23.1560004
22.3300002
21.8679998
21.3879998
21.5059998
22.1419998
23.184
24.2420002
25.1120002
26.2280002
27.3440002
28.7280002
31.9099998
34.4139996
36.8039996
39.354
41.518
40.7160004
40.1040008
39.0440002
37.0959998
34.9499998
33.8639998
32.9379996
32.154
31.7479998
32.0399996
32.5999994
33.3299998
33.3819998
33.288
33.6640002
33.7020006
33.3120004
34.0080008
34.698001
34.4660012
33.854001
33.6780008
32.8520006
31.7540002
30.616
30.4939998
30.7859996
31.3079996
31.878
32.3359998
32.108
31.176
30.2899996
29.5519996
28.898
28.668
28.202
27.688
27.0759996
26.6019994
25.6239992
25.1539996
24.68
24.2180002
23.9620004
23.8700006
24.2260004
24.4240002
24.5420002
24.938
24.954
24.378
24.0839998
24.0139998
23.984
24.2279998
24.598
25.0380002
25.266
24.9939998
24.5920002
24.134
23.686
23.2600002
22.9320004
22.7320004
22.5340004
22.0800004
22.3400002
22.3579998
22.1679996
21.9399998
22.048
21.6540002
21.5380002
21.7420004
22.1720002
22.5
22.6740002
22.9380006
22.9160004
22.9000004
22.9060006
22.7420002
22.282
22.034
21.7579998
21.9059996
22.1739996
22.1619996
22.1839998
22.9300002
23.1500004
23.7240006
24.5280008
24.9560006
24.3380006
23.5720006
22.5240006
21.8560004
21.6780006
22.2080004
22.4160002
23.006
23.2240002
23.118
22.568
22.334
21.8920002
21.3119998
21.0439998
20.7679996
20.4579998
20.148
20.0100002
19.8780002
19.7360004
19.64
19.472
19.302
19.12
18.834
18.634
18.4239998
18.2939998
18.2039998
18.1979996
18.046
17.896
18.088
18.224
18.6380004
19.0540004
19.4000002
19.5760004
19.6380002
19.2360002
19.3399998
19.398
19.4399998
19.1680002
19.216
19.0140004
18.7900002
18.7800002
19.2140002
19.6820002
20.0140002
20.7820002
21.638
21.9639998
21.8219996
21.6459994
21.2559998
20.9579998
20.964
21.03
21.3279998
21.7719996
21.4039996
20.8859994
20.6459998
20.034
19.0920002
18.7960004
18.9360002
19.014
18.96
19.1999998
19.4139996
19.4819996
19.6879998
20.0379998
20.932
21.648
22.0920004
22.8020002
23.5080002
23.5779998
23.6900002
23.998
24.17
24.6599998
24.8439998
24.8019996
25.1839994
25.6759994
25.9299996
26.3979998
27.1179998
27.59
27.3520002
26.9860002
27.0120004
27.2360002
27.4360002
27.6000002
28.1700002
28.7919998
29.8199996
30.7059992
31.8719988
33.2279986
34.5139992
34.7839998
35.038
36.0839998
37.4519998
39.105999
39.987999
40.8179992
40.2859992
38.1779994
35.5779998
34.0119994
33.5479996
34.7040002
37.4540006
39.4760004
40.8160006
40.6920008
39.500001
37.8940004
36.6520006
35.3780008
33.9980004
32.6939998
31.0060002
29.7600002
28.934
28.598
28.7000002
28.9559998
29.06
30.078
31.2619996
31.9259994
33.9419998
35.4079994
36.5159996
37.0480004
37.8100008
36.832001
36.3060014
36.0340012
35.9320008
35.990001
36.5760002
37.118
37.7480004
38.3800004
38.968
39.4700004
39.4320008
38.222
37.8200002
37.822
36.5419998
36.4419998
36.9840004
37.482
38.072
39.4520002
40.512
40.5599996
39.808
38.4880004
37.0880004
35.8620002
35.172
34.7379996
34.1519996
34.1659996
33.6059998
33.592
32.8860002
32.478
32.114
31.7199998
31.1419998
31.0019996
30.9519996
30.7439996
30.6439996
30.6999998
30.722
30.8179998
30.6879998
30.7899998
30.2399998
29.6879998
28.96
28.326
27.142
26.1699998
25.4719998
24.7539998
24.4659996
24.8519996
25.5899998
26.4499996
27.3019996
27.8919998
28.4619998
28.7379996
29.402
29.488
29.256
28.6940002
28.5540004
27.6460002
27.2260002
27.3320004
27.916
27.6219998
27.614
27.58
27.396
27.264
27.8460004
28.3300004
28.1100002
27.572
26.6440002
25.7459998
25.1279998
24.9
24.828
24.826
24.7140002
24.71
24.862
25.1380002
25.6760002
26.5640002
26.9680004
28.2680004
30.066
30.934
31.384
32.1419998
32.0739998
31.34
31.5059996
31.8619998
32.2679994
32.835999
33.4299994
33.6139998
33.872
33.9420006
33.6640008
33.0880006
32.6140004
31.98
31.2899998
31.162
31.2879998
31.4140002
31.2880004
31.1640002
30.8540002
30.8720002
30.5599998
30.7279998
31.018
31.5940002
31.9500004
32.5760002
32.654
32.634
32.3219998
31.6859996
31.2920002
31.0280004
30.5660004
30.2940002
29.9580002
29.296
28.7999996
28.6159996
28.3679998
28.29
28.248
28.298
28.5739998
28.434
28.1879996
28.0059998
27.484
26.5460004
25.5380002
24.6240002
23.706
22.886
22.388
21.8460002
21.4940002
21.0560002
20.916
20.6939998
20.7059996
20.7879996
21.0399996
21.0059996
21.0639994
21.0719992
21.0299994
20.9599994
20.7719998
20.45
20.2720002
20.0720002
19.6720002
19.414
19.612
19.8880002
20.13
20.2380002
20.3920002
20.2880002
20.0360002
19.8800004
19.818
20.154
20.324
20.442
20.522
20.8780002
21.1380002
21.098
21.0159996
20.9319996
20.8139996
20.4279994
20.3019996
20.2119998
20.0899996
19.7859994
19.8579996
20.0059996
20.2159994
20.1359996
20.1399998
19.9279998
19.6699996
19.314
19.3119998
19.4919996
19.4839996
19.3779998
19.4099998
19.2259998
19.132
19.1459998
19.3119998
19.5179994
19.6459998
19.684
19.6080002
19.384
19.0600002
18.788
18.504
18.404
18.4460002
18.6240002
19.2240002
19.806
20.608
21.138
21.292
21.06
20.756
19.8080002
19.2620002
18.904
18.64
18.326
18.31
18.12
17.9940002
18.05
18.3200002
18.646
18.9079998
19.0359998
19.0519998
18.9499996
18.9399998
18.8559998
18.7939998
18.72
18.686
18.7999998
18.908
19.01
19.2140002
19.0500004
18.6780004
18.3420004
18.1140006
18.1880004
18.476
19.0899998
20.0279998
20.9659996
21.3699996
22.0199996
21.9899998
21.6979996
21.1519996
20.7199996
20.0579998
19.6799998
19.284
19.0740002
18.682
18.2740002
17.9760004
17.6500006
17.4840006
17.382001
17.2180006
17.2140004
17.3120002
17.3299998
17.5319994
17.5859996
17.3379996
17.0679996
16.7459998
16.4459998
16.3919996
16.4779998
16.5599998
16.7259998
16.9400002
17.1380006
17.1160004
17.0620002
17.0640004
17.2600002
17.5740002
17.984
18.5860002
18.994
18.7620002
18.2819998
17.768
17.136
16.694
16.4599998
16.4439998
16.4579996
16.6119996
16.5659998
16.8379996
17.086
17.1720002
17.0360002
17.174
16.8340002
16.376
16.262
16.264
16.2060002
16.3180002
16.5340002
16.7920004
16.9260004
17.0740002
17.438
17.7499998
17.7579996
17.6859996
17.2499996
16.7099998
16.416
16.282
16.5440002
16.7940002
16.7840002
16.4340002
16.1120002
15.372
14.964
14.82
14.73
14.758
15.2460002
15.732
16.0899998
16.602
17
17.218
17.332
17.2060002
17.0619998
16.7819998
16.2859996
15.8059998
15.7219998
15.524
15.454
15.536
15.6820002
15.8240004
15.9240004
15.7920004
15.5980004
15.3000002
14.93
14.722
14.646
14.56
14.546
14.816
15.164
15.988
17.242
18.0059998
19.0739996
19.8219996
19.7099998
19.282
19.4520002
19.5420004
19.6080004
19.948
19.8179996
19.4539996
18.4379996
17.5599998
16.946
16.7000002
16.3620002
16.0560002
15.864
15.668
15.59
15.518
15.976
16.036
16.032
15.768
15.796
15.678
15.674
15.448
15.262
15.132
14.812
14.9500002
15.3480002
15.9840004
16.3540006
16.6500004
16.5460002
16.636
16.8239996
17.4539994
17.8579996
18.3319994
18.6939998
18.7619998
18.7999996
18.9519996
19.1099998
19.0719996
19.0759998
18.7
18.026
17.434
16.756
16.158
15.8019998
15.8259998
16.038
16.3380002
16.3160002
16.0580004
15.9200004
15.5220002
15.38
15.312
15.268
15.22
15.21
15.048
14.9
14.738
14.67
14.71
14.872
15.104
15.176
15.254
15.232
15.268
15.336
15.7080002
15.8240002
15.8000002
15.4420002
15.0320002
14.734
14.446
14.488
14.43
14.96
15.168
15.6
16.0259998
16.5019996
16.4499996
16.4359996
16.1999996
15.8139998
15.7100002
15.722
16.25
17.054
17.7579998
18.0459994
18.4119998
18.5639998
18.2919998
18.028
17.9380002
17.576
17.1519998
16.7559998
16.4179998
16.0799998
15.8299998
15.42
15.162
15.074
15.066
15.052
14.926
14.766
14.492
14.246
14.066
13.962
13.814
13.712
13.828
13.904
13.958
14.21
14.23
14.25
14.332
14.382
14.42
14.454
14.148
13.856
13.55
13.308
13.332
13.346
13.578
14.038
14.298
14.518
14.946
15.332
15.33
15.33
15.346
15.232
14.854
14.902
15.276
15.5279998
15.7019998
15.8719998
16.0699998
16.0079998
15.966
15.63
15.346
14.86
14.366
13.852
13.66
13.474
13.372
13.288
13.208
13.234
13.222
13.256
13.174
13.066
12.968
12.928
12.888
12.942
13.002
13.054
13.09
13.068
13.154
13.198
13.178
13.138
13.008
12.82
12.652
12.53
12.368
12.226
11.99
11.81
11.602
11.64
11.674
11.688
11.91
12.322
12.71
13.106
13.6
13.804
13.844
13.674
13.516
13.21
13.062
12.85
12.698
12.696
12.95
13.254
13.698
14.016
14.068
13.95
13.726
13.36
12.954
12.598
12.308
11.902
11.684
11.598
11.666
11.61
11.654
11.612
11.546
11.366
11.418
11.368
11.692
11.916
12.01
11.954
12.134
11.914
11.936
12.208
12.298
12.334
12.406
12.446
12.358
12.53
12.556
12.706
12.864
13.024
13.092
13.336
13.56
13.674
13.7
13.822
13.998
13.872
13.864
13.998
14.07
13.908
13.81
13.472
13.178
12.752
12.276
12.308
12.748
13.772
14.6879998
15.4199998
16.1419998
16.1179998
15.6459998
15.258
15.248
14.838
15.3280002
15.3140002
15.4140002
15.3380002
15.1340002
14.558
14.306
14.032
14.108
14.228
14.6560002
15.1100002
15.4960002
15.4280002
15.2640002
14.704
14.068
13.522
13.146
12.936
12.72
12.522
12.59
12.524
12.376
12.358
12.384
12.204
12.272
12.32
12.282
12.156
12.036
11.788
11.602
11.506
11.47
11.328
11.246
11.442
11.582
11.792
11.892
12.036
12.018
11.862
11.694
11.832
11.976
11.858
11.834
11.688
11.402
11.066
10.842
10.74
10.64
10.518
10.55
10.588
10.654
10.762
10.788
10.698
10.908
11.104
11.256
11.55
11.95
12.132
12.358
12.488
12.598
12.578
12.63
12.44
12.664
12.848
13.048
13.184
13.416
13.38
13.554
13.616
13.676
13.696
13.758
13.444
13.328
13.298
13.18
12.954
13.02
12.786
12.402
12.294
12.372
12.284
12.132
12.23
12.28
12.456
12.624
12.972
13.152
13.176
12.944
12.726
12.518
12.402
12.49
12.874
13.418
13.952
14.57
15.056
15.3899998
15.6919996
15.7479996
15.5719996
15.5119996
14.9679998
14.8960002
15.148
15.162
15.002
15.22
15.2019998
14.826
14.942
15.006
14.784
14.18
13.964
13.52
13.166
13.03
12.81
12.502
12.318
12.148
12.04
11.91
11.808
11.536
11.21
10.95
10.876
11.02
11.234
11.526
11.582
11.608
11.56
11.486
11.51
11.704
11.84
11.814
11.732
11.392
11.096
10.894
10.876
10.892
10.958
10.87
10.788
10.826
10.858
11.018
11.374
11.548
11.508
11.5
11.378
11.19
11.134
11.048
11.026
11.072
11.228
11.506
11.714
12.386
12.926
13.206
13.33
13.418
12.9
12.592
12.52
12.418
12.58
12.778
12.908
13.036
13.13
13.108
13.09
13.152
12.884
12.78
12.452
12.28
12.092
12.018
11.93
11.926
11.842
11.828
11.76
11.73
11.83
12.06
12.124
12.28
12.472
12.45
12.176
11.792
11.598
11.458
11.512
11.596
11.772
11.744
11.582
11.396
11.33
11.322
11.27
11.35
11.39
11.412
11.324
11.36
11.336
11.51
11.634
12.006
12.332
12.518
12.582
12.424
12.088
11.864
11.706
11.54
11.61
11.698
11.738
11.738
11.896
11.944
11.99
11.994
12
11.892
11.892
11.85
11.976
12.49
12.804
13.076
13.972
14.872
15.47
16.2999998
17.2819998
17.502
17.204
16.62
16.8080002
16.4440004
15.8760002
15.6400002
16.1180002
15.8540002
16.1259998
16.8919998
17.652
18.5139998
19.8079996
20.5399996
20.0499996
19.8759994
19.2499996
17.826
16.6380002
16.6340002
16.3620002
15.9200002
15.862
15.916
15.346
14.784
14.27
13.82
13.392
13.58
13.768
13.786
13.854
14.6820002
15.498
16.4219998
17.3419998
17.5539998
17.2379994
17.1079996
16.3759998
15.7979998
15.6119998
15.358
14.744
14.738
14.778
14.722
14.626
14.628
14.684
14.72
14.892
14.892
14.884
14.69
14.328
13.77
13.326
12.794
12.386
12.14
12.138
12.17
12.304
12.296
12.314
12.278
12.26
12.19
12.28
12.572
12.904
13.074
13.28
13.138
12.626
12.16
11.88
11.638
11.65
11.692
11.832
11.998
12.066
11.976
12.014
11.908
11.786
11.876
12.018
12.074
12.126
12.042
11.864
11.72
11.672
11.494
11.332
11.214
11.256
11.2
11.162
11.138
11.136
10.946
10.81
10.742
10.776
10.8
10.864
11.034
11.206
11.278
11.27
11.268
11.116
11.034
10.96
10.9
10.782
10.694
10.524
10.376
10.198
10.078
10.044
10.158
10.608
10.938
11.124
11.278
11.464
11.25
11.18
11.28
11.632
11.714
11.61
11.486
11.256
10.716
10.312
10.29
10.22
10.236
10.348
10.61
10.742
10.81
10.956
11.162
11.298
11.348
11.648
11.85
11.92
11.806
11.678
11.28
11.028
10.764
10.64
10.546
10.67
10.59
10.45
10.524
10.67
10.806
10.93
11.036
10.854
10.644
10.464
10.402
10.382
10.408
10.612
10.824
10.762
10.744
10.7
10.484
10.21
10.182
10.172
10.244
10.47
12.0839998
13.1279998
14.2559998
15.862
17.5579998
17.088
17.052
16.746
15.8419998
14.714
15.1479998
15.5539998
15.9819998
16.522
16.642
15.6700002
14.6540002
13.9540002
13.186
12.9
12.942
13.5
13.942
14.28
14.554
14.55
14.202
13.82
13.52
13.15
13.156
13.05
12.844
12.612
12.504
12.29
12.256
12.23
12.442
12.638
12.796
12.846
12.922
13.158
13.236
13.21
13.27
13.362
13.148
13.088
13.048
13.15
13.158
13.32
13.48
13.604
13.586
13.548
13.416
13.226
13.174
13.288
13.404
13.45
13.404
13.366
13.106
13.096
13.116
13.524
14.3259998
14.7379998
15.0219998
15.6299998
15.6019998
14.918
14.738
14.48
13.716
13.704
13.818
14.18
14.826
16.0339998
16.2059998
16.4719998
16.5679998
16.3179998
15.524
15.514
15.35
15.136
15.57
15.9139998
15.9259998
16.0119998
16.0979998
15.7099998
15.582
15.52
15.8800002
16.124
16.7079998
17.1279998
18.2299998
19.6739996
20.486
21.4800002
22.5940002
22.69
22.888
23.302
22.9099998
22.466
23.5180002
24.146
24.8719998
26.096
27.9399998
28.8099998
29.148
29.1
28.614
27.0579998
25.416
23.5619998
22.8399996
23.0499994
23.2339994
23.721999
24.253999
24.2659994
23.9219996
23.9579998
24.192
24.992
25.4899998
25.5659996
25.7199996
25.4579996
25.2779998
24.2939998
23.3080002
22.4460004
21.2620004
19.8400006
19.4900006
19.0100002
18.32
18.12
17.8139998
17.7919998
18.0259998
18.314
18.096
18.0199998
17.546
17.1200002
17.2079998
17.3719998
17.73
18.5099998
18.884
18.8080002
19.854
20.3319998
20.4099998
20.8619994
21.3959994
20.7159994
20.3619998
20.4939998
20.0400002
20.448
21.1380002
22.0259998
22.0899996
23.6819994
24.2719996
25.3699996
26.7259998
27.268
27.1580002
27.538
26.936
25.92
26.0759998
26.2559996
25.766
26.45
26.5040002
26.3500006
25.7760004
25.2280004
24.1680006
23.6700006
23.3540006
22.7520006
22.3480004
21.7740002
21.734
21.7219996
22.0419996
22.5259996
23.2819996
23.0919994
22.9339996
22.5379998
21.5779996
20.3939996
19.5979998
19.3139998
19.3459998
20.152
21.066
21.832
22.5680002
23.1780004
23.7640004
23.9540006
24.1460008
24.0940006
23.9160004
23.4980004
23.55
24.5519996
25.2519996
26.8739996
28.0099996
28.69
28.8140002
28.9340004
28.1960004
27.9160006
27.6000006
26.5880006
26.2300004
26.4140004
26.684
26.9759998
27.7739998
28.0959998
27.7139998
26.8959998
26.472
25.874
25.472
25.086
25.1340004
24.838
24.4400002
23.7020002
23.3600004
23.0420004
23.5380008
24.1880008
24.9120008
25.2940006
26.0980002
26.288
26.9079996
27.0759998
27.5999996
27.548
28.282
28.8540006
28.7400006
29.2640008
29.1300008
28.0440008
26.7400002
26.798
26.0059998
25.8239994
25.7999996
25.1919998
24.6619998
24.1279998
23.4760002
22.838
22.7740002
22.65
22.4040002
22.6059998
22.8859998
22.9699998
22.5140002
22.1920004
21.5260004
20.8620004
20.4800004
20.4260002
20.3639998
20.256
20.0839998
19.9579996
20.0639998
19.8279998
19.5459998
19.398
18.9919998
18.7799996
18.8839998
19.1299998
18.908
18.8620002
18.4480002
17.828
17.2399998
17.0839996
17.0039996
17.1899996
17.5399996
18.1559996
18.6819994
18.9799994
18.8899992
18.8459994
18.9019996
19.0219998
19.3679996
19.4659996
20.6119994
21.2699996
21.8579996
22.522
23.4620002
22.9940002
22.5600002
22.15
21.7739998
21.4239998
21.7540002
22.0919998
22.35
22.1299998
22.5999998
22.7139998
22.9760002
23.2220002
24.1780004
24.3480006
24.8160006
24.6560004
24.9720004
24.9060004
25.4480002
25.988
27.0660002
27.0400002
26.9240002
26.236
25.1499998
23.6779996
22.9199994
22.6059996
22.3779998
22.614
22.7840002
22.7640002
22.6640002
22.5960002
22.4480002
22.2699998
22.074
21.7159998
21.3339998
20.66
20.6660002
20.93
20.768
20.552
20.7239998
20.746
20.5200002
20.4160002
20.262
20.2599998
20.1019996
19.9699996
19.8919996
20.2599998
20.464
20.652
21.5060002
22.232
22.6299998
23.3259996
23.9439996
24.0159992
24.5359994
26.3479998
27.3139998
29.654
31.3959998
32.6779998
33.1079992
34.1919996
33.9859992
33.9299996
34.464
37.0380006
37.7720002
38.6960006
41.1840002
43.2639996
44.3299992
47.1879994
50.731999
54.463999
59.4259986
60.0139992
60.3039994
62.6479996
63.3860002
63.4620012
63.058001
62.654001
62.7340014
62.7720018
64.5320008
69.9500002
72.7199998
72.7819992
71.801999
67.9539994
62.6779998
58.832
55.7520004
55.908
55.1499998
56.4099998
59.1519996
61.5319992
60.7619996
62.8039996
64.638
65.878
67.4380006
71.6440004
72.9160004
72.0259994
70.678
66.8099992
61.6939988
60.8619996
60.5180002
60.482
62.2260002
63.1560004
61.1520004
60.3380004
59.3400002
57.7680002
56.638
56.2919992
54.983999
53.805999
52.1179992
50.2479994
47.808
46.3380002
45.212
44.4200002
44.2140006
43.6280006
42.6240006
41.6200006
40.7600008
39.6920006
40.0440002
40.5560004
41.2820006
42.6340002
43.576
44.726
46.4139998
47.072
49.2340004
49.864
49.4940004
48.7480004
48.664
45.7839996
44.432
43.5
43.014
42.9800002
43.1420004
43.98
44.1999998
43.9059996
43.5299994
44.2519988
44.387999
43.891999
43.8039992
44.8079994
45.1659996
45.6760002
47.286
49.2239998
48.5900002
47.832
47.3479996
46.7579994
46.764
47.8519996
48.4300002
49.5319998
50.1280006
49.5340002
48.222
47.432
45.6340004
44.2400002
43.0520006
42.3380006
41.6280006
42.1280006
42.8340002
42.7319998
43.158
43.5959998
42.932
41.9620004
42.4240006
42.6660004
42.6720002
43.0080002
42.7400002
41.818
41.068
40.3819998
39.2799994
38.9019994
38.249999
37.4059988
36.7939994
36.2759994
36.5499992
36.4439994
36.8299994
37.1019996
37.6779998
37.5059998
37.6680002
37.264001
37.1340006
36.8300004
36.0720002
35.1540002
34.428
33.8159998
33.1659998
32.8339998
32.5219994
32.7619996
32.348
32.562
32.0360002
31.4360002
30.512
30.5079998
30.4100002
30.4860004
31.1980008
31.7260006
31.2400006
30.7220006
30.5240002
30.256
29.958
30.0980002
30.044
29.7720002
29.26
28.8460002
28.552
28.7599998
29.6419998
30.2580002
30.6420002
30.6100002
30.6820004
30.2620004
29.764
29.03
28.618
27.454
26.608
26.042
26.36
26.974
28.074
29.0639998
29.7760002
29.99
29.4519998
28.2859998
27.2039998
26.3319996
25.3959996
25.0139998
24.784
24.3
23.902
23.652
23.6280002
23.856
24.2840004
24.6780004
25.2440004
25.5
25.4759998
25.3339996
25.3879996
25.1559996
25.0419998
25.262
25.3720002
25.18
25.082
25.6619998
25.6999998
25.8619996
25.9379998
26.0859998
25.5359998
25.2839998
25.022
24.94
24.89
25.0640002
25.9100002
26.7
27.184
27.284
27.2060002
26.2400002
25.17
24.58
24.3000002
23.86
23.7340002
23.7540004
23.7080004
23.748
23.68
23.6399998
23.9
24.2380002
24.4020002
24.8240004
25.2480006
25.9120004
26.5260002
26.9180004
27.0200004
26.8340002
26.0160002
24.9040004
24.1380004
23.5960002
23.2320004
22.7400002
22.402
22.098
21.68
21.5519996
21.346
21.514
22.0779998
22.8639998
24.002
24.8159998
26.5
27.5940004
28.3900002
28.352
28.486
27.186
25.8599998
24.666
23.7300004
23.4920004
23.3260004
23.2740002
23.1880002
22.9059998
22.5839996
22.3499996
22.0039998
21.6159996
21.3859998
21.808
22.2719998
22.4239998
22.5540002
22.95
22.252
21.77
22.1240002
22.432
22.4040002
22.4720002
22.2820002
21.842
21.4180002
21.4560002
21.4740002
21.3420002
20.9520004
20.786
20.1779998
19.8279998
19.7319998
19.8159994
20.2099996
20.324
20.208
20.038
19.858
19.1479998
18.6499994
18.4299994
18.1679994
17.8819994
17.8379996
17.8439998
17.9299998
18.8139998
20.7499998
22.2499998
23.6439996
24.5359994
24.8279994
24.2899998
23.7259998
23.112
22.8040002
23.2740002
23.5720002
24.3560002
25.2600002
26.0200002
25.596
24.9199998
24.0679998
23.2119996
22.2579994
21.4699996
20.9119998
20.736
20.4460002
20.3400004
20.2360004
20.1000002
19.6379998
19.3499998
19.0739996
18.6579996
18.3639998
18.136
18.084
17.952
17.984
18.0259998
17.98
17.648
17.3600004
17.2380002
17.0120004
16.7440002
16.872
17.2279998
17.388
17.5319998
17.6879996
17.6959998
17.5099996
17.3599996
17.0879996
16.986
16.764
16.498
16.21
16.2040002
15.998
15.88
16.3240004
16.6760004
16.5820002
16.7280002
16.844
16.496
16.5219998
17.9379996
18.8899996
19.284
20.3699996
20.914
21.1200002
21.8860002
24.7579998
28.5380002
30.268
31.164
31.286
30.0620002
28.12
28.52
29.5659998
31.5259998
35.348
37.1199996
38.6159996
38.828
38.768
35.5459998
33.9400002
33.3840004
32.4960002
31.384
32.544
33.444
33.076
33.788
34.0100002
32.6720004
31.0740004
29.5080004
27.9460004
26.8420002
25.8740002
25.134
25.3699996
25.5679996
26.5059998
27.4219998
28.246
29.6620004
31.1880006
31.8120008
32.1300008
32.2600008
30.8020006
29.0360002
27.46
26.3219998
25.3039996
24.9139994
24.7999994
25.0539994
25.3619992
25.2359994
25.3859994
25.2839994
24.7279992
24.0799994
23.9319996
23.6539998
23.5539998
23.56
23.416
23.3039996
22.8959994
22.4899996
22.1379996
22.1639994
22.1119998
22.7479998
23.4739998
24.3739998
25.166
25.5579998
25.398
25.5400002
25.3900002
25.3020002
25.928
26.3500002
26.5360002
26.3280004
26.6380002
26.3560002
25.7939998
24.9579998
24.3299994
23.6479994
23.0879996
22.8719996
22.6319994
22.6119994
22.1639994
21.9339994
21.7159994
21.7199994
21.7779996
21.9359998
22.0179998
22.4480002
22.388
22.5960002
22.6460002
22.7940002
22.7600002
22.9180004
23.1160004
22.9480004
22.5960004
22.168
21.8099998
20.8959994
20.3299994
19.8459994
19.5099994
19.1739998
19.2
19.5399998
19.684
19.5620002
19.5120002
19.6640002
19.5820002
19.7659998
20.0879996
20.5719996
20.9679996
21.2379998
21.0079998
20.536
19.9479998
19.24
18.742
18.524
18.5479998
19.018
19.4
20.1
20.7580002
20.7800004
20.2660004
19.9000004
19.5100002
19.07
19.7639998
20.4619998
21.4959998
21.6420002
21.6080002
20.7660004
20.0640002
18.954
18.2299998
17.802
17.7220002
17.628
17.5520002
17.5920004
17.6200002
17.3200002
17.0920004
16.8680002
16.37
16.186
16.4979998
16.7199998
16.878
17.292
17.5480002
17.5360004
17.5080002
17.456
17.432
17.3099998
17.2959998
17.1979998
17.0419998
16.8399996
16.5039998
16.1699996
16.2539996
16.6039996
17.0199996
17.4579996
17.8019996
17.6679996
17.2999996
17.614
17.9900002
17.998
18.13
18.2380002
17.416
16.766
16.4020002
16.1160004
15.9960002
15.9480002
15.882
15.9940002
16.164
16.264
16.412
17.3819998
18.5339994
19.4539996
19.9799994
20.3639994
20.4059996
20.12
19.576
19.544
20.006
19.768
19.6719996
20.3279994
20.5319996
20.6259994
21.5259994
23.3619996
24.26
25.1320002
25.0280006
24.2060004
22.1600004
20.4860002
19.18
18.946
18.5360002
18.244
18.192
18.09
17.7019998
17.5199998
17.358
17.2320002
17.3260004
17.1440004
17.1120004
17.1160004
16.9480002
16.438
16.5119998
16.2599998
15.8899998
15.5739998
15.6639998
15.396
15.3
15.21
15.222
15.266
15.4820002
15.8280002
16.5440004
17.2740004
17.5080004
17.3500002
17.3240004
16.8900004
16.6240004
16.8400004
17.1680002
17.024
16.9219998
16.9939998
16.9999998
17.054
17.222
17.336
17.046
16.482
16.5779998
16.7819998
17.154
17.656
18.18
18.2780004
18.2140004
18.3960004
18.6200006
18.6580006
19.1640004
20.1560004
20.7540002
20.83
20.9500002
20.3900002
19.7020004
19.5520004
19.6660002
19.728
19.478
18.9239998
17.8779998
16.9779998
16.4119998
16.1479998
16.0339998
16.5379996
17.3
18.014
18.9839998
19.7
20.2120004
20.08
19.916
19.268
18.8659998
18.5459996
18.7499998
19.5279998
20.764
22.31
23.172
24.0840002
24.164
25.748
27.098
31.966
34.02
37.9420006
39.4100006
40.2820008
37.056001
36.6140004
34.332
35.0659996
36.4039992
38.5179988
39.2019992
40.0659996
39.4839996
37.9919998
35.9599998
35.2839996
34.4279994
32.8399998
32.5059994
33.4499996
33.548
34.0879998
35.4279998
36.3620002
36.3440002
36.5879996
36.1179994
34.6099994
33.4379994
32.6279996
33.172
35.0479998
37.1019998
38.3599998
39.3299994
40.0819998
39.5800002
39.922
41.2080002
41.8300004
41.1760002
40.6620002
39.3100006
36.8240004
35.2320006
33.9220004
32.8080006
31.2160004
31.2900002
31.0299998
31.6659996
32.4819992
33.0979992
32.2719994
32.4039998
31.4880002
29.6240002
28.2660004
28.4060002
28.916
29.4920002
30.5000004
31.6260002
31.6040004
30.1460004
30.83
31.2920002
31.2680004
31.5240002
32.272
31.7419996
32.081999
32.4739988
32.829999
32.979999
33.0739994
33.066
33.0920002
32.638
31.804
30.49
29.0999998
28.2419996
27.7399996
27.9139998
28.5499998
28.3219996
27.8879996
27.3439998
26.818
25.7220002
25.3040006
25.1540006
24.7160004
23.7940002
23.004
22.2919998
21.6899998
21.75
21.994
22.442
22.8899998
22.9519996
22.5439996
22.1399994
21.6739994
21.2179998
20.9839998
20.7819996
20.8379998
21.064
21.1039996
20.868
20.4300004
19.9820004
19.3240002
18.8080002
18.548
18.598
18.744
18.8500002
18.8980002
18.7800002
18.494
18.166
17.8079998
17.73
17.8599998
18.598
18.8540002
19.2320004
19.8280002
19.9460002
19.3440002
19.1740002
18.9040002
18.0360002
17.6540002
17.7360002
17.6899998
17.7379996
17.8299998
17.8260002
17.7979998
18.3800002
18.5080002
18.6460004
18.6100004
18.1280006
16.9140004
16.1620004
15.6560002
15.128
15.008
15.164
15.128
15.158
15.228
15.072
15.074
15.142
15.124
15.26
15.536
15.55
15.7440002
15.9880004
16.6500002
17.6
18.472
18.624
19.1939996
19.3419996
18.9559996
18.6799994
18.9119994
18.4899998
18.3739998
18.302
17.9380002
17.514
17.2899998
16.926
16.626
16.6379998
16.9019996
17.4699996
17.8279998
18.3179996
18.9579998
19.212
19.3579998
19.9439998
20.5279998
20.9659998
22.0979998
23.14
23.1679998
23.27
23.282
22.6920002
22.0240002
21.8280004
22.1600002
22.506
23.5299998
24.402
25.1319998
24.736
24.268
23.182
22.6699996
22.1519996
22.5739996
22.5659998
22.542
21.4940002
20.752
19.346
19.026
18.426
18.8379998
19.1059998
19.548
19.4739998
19.2679996
18.5519996
17.9399998
17.5499996
17.0279998
17.2079998
17.5919998
17.85
18.016
17.944
17.7700002
17.3220004
16.9640002
16.3880002
16.2940002
16.5960002
17.394
18.03
18.4460002
18.5320004
18.4140004
18.1060006
18.0300004
18.0380002
17.826
17.4099998
16.8219998
16.094
15.636
15.456
15.006
14.778
14.64
14.442
14.184
14.248
14.282
14.378
14.712
15.058
15.524
15.818
16.2079998
16.5819998
17.0399996
17.3659996
17.6159996
17.3239998
16.6339998
16.3960002
16.0820002
15.6940002
15.3840002
15.4100002
15.072
14.626
14.242
14.246
14.14
14.052
14.302
14.8879998
15.0419998
15.3919998
15.8259998
15.8819998
15.606
15.548
15.268
15.026
15.1580002
15.3300004
15.5380004
15.9000002
15.9320002
15.702
15.4579998
15.3459998
15.5299998
15.8
16.522
17.174
17.7920002
17.9420002
18.338
17.9100002
17.7620002
17.822
17.7760002
17.8720002
18.232
18.4360002
18.0880002
17.9020002
17.6700002
17.5700002
17.13
16.842
16.528
16.006
15.436
15.254
15.39
15.476
15.426
15.572
15.7999998
16.04
16.2299998
16.5339998
16.5399998
16.4219998
16.1119996
16.0099998
16.0059996
16.2259996
16.2839998
16.2839998
16.566
16.7880002
16.9560002
17.2560002
18.0380002
18.4599998
19.4699996
19.5059996
18.8739996
17.8899996
16.7619998
14.976
14.096
13.922
13.708
13.614
13.56
13.546
13.468
13.484
13.304
13.086
12.868
12.722
12.586
12.808
12.984
13.356
13.674
13.676
13.896
13.978
13.796
13.64
13.664
13.318
13.102
13.016
12.848
12.736
12.61
13.018
13.466
13.768
15.074
15.9860002
15.9960002
16.0540002
16.2920002
15.2960002
14.618
14.378
13.888
13.334
12.844
12.602
12.262
11.91
11.652
12.012
12.436
12.604
13.142
13.596
13.672
13.348
13.444
13.186
13.188
12.996
13.284
13.432
13.676
13.598
13.61
13.24
12.91
12.538
13.354
13.578
14.408
15.4719998
16.0539998
15.4779998
15.3819998
14.8019998
14.014
13.742
13.606
13.614
13.79
13.784
13.632
13.422
13.284
12.918
12.826
12.774
12.752
12.74
12.77
12.758
12.73
12.824
12.944
13.146
13.346
13.654
13.946
14.238
14.38
14.8259998
15.284
15.642
16.176
16.5959998
16.364
16.1959998
16.3559998
16.5739998
16.53
16.932
17.2039998
17.112
16.7219998
17.5379998
17.8879998
18.5500002
18.9219998
19.0359998
18.31
17.9020002
17.1540002
16.7480006
16.546001
16.1520008
15.7360006
15.3320004
14.8860002
14.448
14.238
14.04
14.054
13.968
13.92
13.66
13.36
13.008
12.888
12.728
12.764
12.984
13.13
13.184
13.178
13.03
12.72
12.586
12.492
12.45
12.736
12.93
12.848
12.86
13.26
13.452
13.91
14.43
15.01
15.016
14.938
14.916
15.288
15.398
15.8079998
16.4139998
16.738
16.56
16.416
16.2240002
15.9480002
15.532
15.12
14.824
14.486
14.236
14.236
14.19
13.964
13.756
13.742
13.652
13.736
13.916
14.384
14.842
15.134
15.652
16.374
16.63
17.192
18.152
18.752
18.514
18.31
17.642
17.306
16.328
15.728
15.192
14.61
13.544
13.286
13.23
13.24
13.27
13.286
13.332
13.442
13.48
13.404
13.376
13.18
13.212
13.136
13.056
12.966
12.936
12.628
12.486
12.6
12.714
12.89
12.948
12.962
12.9
12.784
12.7
12.908
13.302
13.654
14.032
14.452
14.47
14.322
14.194
14.338
14.43
14.824
15.3320002
15.792
15.468
15.19
14.796
14.1979998
13.452
13.158
12.82
12.774
12.91
13.26
13.546
13.764
13.636
13.466
13.198
12.874
12.82
12.692
12.574
12.502
12.562
12.48
12.592
12.89
14.0119998
15.0079998
15.5939998
16.4959998
17.2
17.2540002
18.0580004
18.7200006
19.2400008
19.2280006
18.6040006
17.3680004
16.4480002
15.318
14.7
14.356
14.078
14.276
14.374
14.482
14.614
14.574
14.344
14.194
14.058
14.412
14.498
14.406
14.44
14.462
14.102
14.242
14.358
14.7599998
15.5019998
15.7899998
15.7339998
15.8639998
15.524
14.96
14.85
14.75
14.712
14.732
14.614
14.372
14.188
13.82
13.57
13.48
13.818
14.176
14.322
14.826
15.4400002
15.5480004
15.6920004
15.7640004
15.2580004
14.5020002
13.918
13.45
13.278
13.418
13.562
13.666
13.694
13.68
13.45
13.314
13.332
13.33
13.366
13.368
13.156
12.822
12.576
12.524
12.428
12.466
12.632
12.58
12.352
12.136
11.954
11.698
11.63
11.504
11.548
11.62
11.7
11.722
11.588
11.502
11.326
11.23
11.406
11.696
11.996
12.21
12.012
11.624
11.358
11.024
11.038
11.234
11.436
11.518
11.636
11.44
11.286
11.024
11.038
11.12
11.22
11.574
11.926
12.024
12.02
11.89
12.28
12.276
12.474
12.53
12.634
12.094
12.22
12.17
12.378
12.74
13.7620002
14.6300004
15.1420004
15.8600006
16.4680008
16.4100006
16.1580004
15.9800004
15.4320002
14.738
13.89
13.366
12.984
12.6
12.376
12.244
11.908
11.784
11.668
11.668
11.726
11.85
11.96
12.106
12.278
12.286
12.4
12.65
12.754
12.786
13.03
13.322
13.168
13.122
12.968
12.728
12.642
13.082
13.206
13.928
14.476
14.934
15.2099998
15.8979996
16.0019996
15.9419996
15.8379996
16.016
15.6960002
16.2160002
17.5540002
19.39
20.508
22.54
23.8280002
23.9780002
22.7640004
21.4220002
19.9420004
18.2080004
17.0320006
16.5260008
16.1880008
15.6440006
15.2420004
14.8260002
14.564
14.664
14.468
14.298
14.116
13.704
13.31
13.08
13.104
13.142
13.406
13.594
13.782
13.74
13.658
13.384
13.062
12.684
12.634
12.886
12.932
12.982
13.044
12.756
12.766
13.266
14.4720002
16.0120002
17.8500002
19.0920002
20.7360002
20.9180002
20.264
19.346
18.312
16.558
15.5439998
15.082
14.796
14.93
15.8100002
16.4940004
17.5780004
18.7900006
19.4680004
19.0300002
18.9819998
18.9179998
18.8059994
19.2399996
20.3159994
20.9959998
21.0539996
20.7119998
19.6959998
18.55
17.4639998
16.9299998
17.248
17.72
18.5819998
19.3639998
19.386
18.9639998
18.5819998
17.8460002
17.67
17.65
17.3759998
17.0739998
16.5539996
16.0039998
15.6479998
15.314
15.106
15.08
14.658
14.336
14.06
13.868
13.564
13.598
13.676
13.702
14.074
14.478
15.0440002
15.5720004
15.8480004
16.0080004
16.1180004
15.9120002
15.332
15.062
14.466
14.026
13.618
13.912
14.258
14.668
14.888
15.222
15.156
14.93
14.864
14.918
14.656
14.252
13.834
13.674
13.452
13.224
13.126
13.388
13.26
13.176
13.15
13.126
12.806
12.77
12.602
12.738
13.152
13.234
13.18
13.56
13.912
14.028
14.06
14.26
14.17
13.892
13.414
13.318
13.094
12.892
12.716
12.59
12.54
12.806
12.89
12.976
13.322
13.69
13.726
13.804
14.084
14.158
14.422
14.468
14.38
14.008
13.922
13.942
14.01
14.266
14.334
14.37
13.84
13.3
13.052
13.216
13.228
14.45
15.674
16.24
16.7960002
17.3940002
16.8420002
17.1280002
17.904
17.9119998
17.2899998
16.7459998
15.4599998
13.888
12.912
12.582
12.352
12.13
12.236
12.594
13.264
13.508
13.584
13.482
13.158
12.55
12.462
12.464
12.792
13.046
12.98
13.122
13.342
13.286
13.174
13.332
13.348
13.676
14.8059998
17.846
23.3900004
27.8360004
30.8500004
32.2420006
31.8460002
29.3839998
28.4599998
27.6139998
27.516
27.866
27.16
26.126
25.7820002
25.3000002
24.5900004
24.1180006
23.1420006
22.4960002
22.3120002
21.49
21.47
21.6259998
22.0919998
22.3599998
23.8579998
24.7359996
25.2099998
25.0259998
24.4899998
22.8720002
21.3860002
20.1660002
19.1400004
18.3680002
17.694
17.348
17.2740002
17
16.594
16.356
15.972
15.706
15.3860002
15.2680002
15.3300002
15.2660002
14.792
14.824
14.946
14.718
14.54
14.776
14.864
14.716
15.19
15.34
15.4499998
16.114
17.264
17.592
18.302
18.4600002
18.184
17.262
16.754
16.172
15.84
15.466
15.5979998
15.4079998
15.4039998
15.988
15.926
15.8680002
16.4540002
17.1940004
17.4400002
19.356
20.734
21.4040002
21.0540002
20.9740004
20.2360008
19.430001
18.5600008
18.1020006
17.4620004
16.7040002
16.18
16.3180002
16.846
17.8380002
18.3240002
19.2260002
20.766
22.5260002
23.2459998
23.8719996
24.7979994
24.5899996
24.5919996
24.9419996
25.9659998
26.2600002
25.938
25.364
24.6540002
23.7580004
22.9040002
22.4760004
21.6420004
21.5380004
21.2460002
21.1300002
21.7659998
22.9699998
23.882
24.8100002
26.07
26.4740002
26.0960004
25.25
24.3199996
22.798
21.5939998
20.9679996
20.6499996
20.144
19.9999996
20.2339996
19.5779998
18.852
18.37
17.7800004
17.1400006
17.3340004
17.5840004
17.854
17.7819998
17.6959998
17.3299998
16.6599998
15.938
15.442
14.816
14.282
14.272
14.332
14.576
14.582
14.46
14.262
13.934
13.71
14.03
14.136
14.578
15.03
15.458
15.344
15.294
14.806
14.458
13.876
13.554
13.442
13.488
13.408
13.554
13.698
13.796
14.05
14.546
14.666
14.994
15.4499998
15.5879998
15.3919998
15.3699998
14.9759998
14.704
14.404
14.468
14.49
14.878
15.13
15.514
15.546
15.774
15.544
15.134
14.554
14.138
13.812
13.768
13.714
13.722
13.828
13.8
13.776
13.978
14.6900002
16.154
17.444
18.6559998
19.602
20.0779998
19.5580002
19.1540002
19.3600004
18.9360002
20.2060002
21.302
21.356
20.4499998
20.1259998
17.9279998
16.2739998
15.5159998
15.14
14.654
14.408
14.002
13.618
13.23
13.124
12.904
12.588
12.334
12.318
12.188
12.274
12.49
12.702
12.698
12.668
12.582
12.646
12.652
12.592
12.496
12.308
11.966
11.804
11.656
11.688
11.75
11.946
11.974
11.924
11.882
11.974
11.922
12.174
12.614
13.076
13.21
13.358
13.352
13.322
12.988
12.804
12.568
12.386
13.19
13.826
14.992
16.2319998
16.9899996
16.5639996
16.6379996
16.2519996
15.2839998
14.428
13.812
13.606
13.042
12.86
13.26
13.46
13.274
13.38
13.5
13.264
13.302
13.264
13.61
14.194
14.9640002
15.4920004
16.0580002
16.0420002
15.7420002
15.154
14.5979998
13.96
13.596
13.562
13.884
14.4540002
15.262
16.2819998
17.2979998
18.6419998
19.9059996
20.2359996
20.2719998
19.2839998
17.8159998
16.1479998
15.302
14.228
14.096
13.818
13.554
13.142
12.95
12.692
12.49
12.55
12.646
12.83
13.158
13.514
13.312
13.09
12.868
12.582
12.108
12.208
12.394
12.588
12.618
12.708
12.522
12.268
11.884
11.612
11.46
11.516
11.816
12.236
12.758
13.04
13.012
12.756
12.346
11.85
11.578
11.46
11.434
11.416
11.478
11.676
11.98
11.98
12.088
11.928
11.594
11.164
10.972
10.994
11.178
11.378
11.638
11.716
11.614
11.474
11.402
11.192
11.168
11.108
10.998
11.102
11.278
11.406
11.506
11.706
11.654
11.596
11.716
11.986
12.146
12.166
12.064
11.894
11.6
11.464
11.562
11.702
11.724
11.894
11.848
11.63
11.554
11.552
11.586
11.822
12.204
12.54
12.772
12.584
12.306
11.99
11.872
11.848
11.9
12.194
12.364
12.464
12.798
13.454
14.03
14.744
15.102
15.176
15.148
14.824
14.558
13.794
13.062
12.246
11.488
10.726
10.58
10.546
10.512
10.532
10.482
10.414
10.288
10.194
10.222
10.188
10.318
10.456
11.532
12.344
12.672
12.774
12.788
11.674
10.74
10.294
10.184
10.122
10.096
10.048
10.1
10.114
10.11
10.164
10.354
10.632
10.626
10.676
10.824
10.76
10.542
10.63
10.652
10.568
10.496
10.402
10.442
10.298
10.49
10.722
10.986
10.988
11.49
11.44
11.426
11.36
11.206
10.678
10.342
10.084
9.884
9.782
9.718
9.688
9.61
9.518
9.48
9.586
9.772
9.938
10.07
10.206
10.272
10.22
10.154
10.328
10.494
11.6140002
12.7100002
13.1900002
13.4060002
13.5320002
13.434
13.184
13.356
13.218
13.32
12.656
12.06
11.686
11.756
11.55
11.222
10.992
11.174
11.16
11.226
11.532
11.652
11.322
11.096
10.874
10.484
10.368
10.288
10.144
9.99
9.874
9.886
9.884
9.902
9.878
9.862
9.71
9.578
9.53
9.458
9.486
9.662
9.776
9.82
9.964
9.956
9.872
9.918
9.962
9.99
10.062
10.294
10.464
10.696
10.946
10.912
10.798
10.602
10.396
10.122
9.99
9.77
9.712
9.628
9.742
10.172
10.592
10.932
11.602
11.854
11.882
11.712
11.34
10.69
10.272
9.96
9.836
10.03
10.31
10.662
11.024
11.284
11.348
11.124
10.754
10.286
10.004
9.836
9.902
9.87
9.908
9.93
9.838
9.664
9.76
9.904
9.992
10.084
10.368
10.342
10.122
9.872
9.68
9.376
9.438
9.572
9.704
9.892
10.32
10.686
11.166
11.444
11.618
11.506
11.418
11.29
11.252
11.814
12.552
12.966
13.344
14.5899998
19.2859998
22.3239998
25.1619998
29.1599996
31.5099996
29.1679998
28.1659996
26.4719996
23.6059996
21.6859996
20.6839994
19.6939996
19.5859994
19.0579996
18.3259998
17.9239998
17.8899998
18.6399998
19.2599998
19.8459998
19.8
19.382
18.1960004
17.2060004
16.6160004
16.2140002
16.1080002
16.118
16.35
16.998
17.3680002
17.4940004
18.8440004
20.6580006
21.0600008
21.9200006
22.9220006
22.2480004
21.9980004
22.0120002
21.524
20.738
21.0420002
20.672
20.5459998
20.582
20.4919998
19.6759998
18.6339996
17.5899998
16.6619998
16.1559998
16.0499996
16.0059998
16.5599998
17.0079998
17.0639998
16.77
16.688
16.182
15.808
15.74
15.612
15.376
15.22
14.71
14.176
13.752
13.388
13.372
13.372
13.412
13.566
13.596
13.314
13.146
12.966
12.926
13.714
14.058
14.628
14.814
14.718
13.794
13.134
12.474
12.218
12.14
12.128
12.388
12.386
12.346
12.338
12.54
12.51
13.014
13.372
14.376
14.89
15.914
16.356
16.82
16.474
16.5179998
15.9299998
15.2339998
14.5539998
13.9619998
13.46
12.982
12.744
12.772
12.656
12.35
12.408
12.544
12.502
12.572
12.61
12.464
12.498
12.826
12.91
13.082
13.092
12.814
12.216
11.836
11.376
11.192
11.496
12.198
12.674
13.432
13.868
13.764
13.306
13.216
12.738
12.53
12.4
12.334
12.262
12.262
12.486
12.66
12.86
13.142
13.622
13.892
14.152
14.164
14.01
13.554
12.992
12.896
12.81
12.532
12.418
12.34
12.044
11.97
12.198
12.32
12.408
12.368
12.294
12.038
12.4
12.94
13.678
14.458
16.7279998
18.8799998
20.1779996
21.2999994
21.6339996
20.5219998
19.5379996
19.2539996
18.9219996
19.5399992
21.1059992
21.9379992
22.7919994
23.8039998
24.332
23.532
22.5560002
21.6260002
20.6779998
19.9899998
19.016
18.4919998
18.062
18.1600004
18.1820004
19.1600002
19.8120004
19.968
19.8979998
20.3899998
20.2999996
20.6079996
20.7599998
20.5439998
19.7459998
19.3440002
18.6540002
18.1620004
18.5060004
19.0460006
19.9340004
20.8480002
21.912
22.0559998
21.9479996
21.6279994
22.0039996
22.7679996
23.5919998
25.1379996
26.834
29.144
30.11
30.9859998
30.978
30.0399998
27.4699996
26.4779998
24.7619998
23.3739998
22.3839996
21.7359998
20.5459996
19.908
19.442
19.0680002
18.8800004
18.5920002
18.5139998
18.8599996
19.0439996
19.0139992
18.8859994
19.0999998
18.7659998
18.3939998
17.93
17.6739998
17.0459996
16.3339998
15.8779998
15.838
15.7540002
15.8020002
15.7740002
15.8280002
15.7979998
15.6359998
15.4179998
15.1359998
14.8979998
14.356
14.344
14.402
14.538
14.602
14.614
14.57
14.484
14.692
15.054
15.5499998
15.4899998
15.2959998
14.8299998
14.2119998
13.578
13.332
13.29
13.39
13.416
14.136
14.782
15.006
15.254
15.414
14.86
14.274
14.01
13.728
13.558
13.38
13.336
13.52
13.432
13.32
13.158
12.986
12.566
12.426
12.24
12.322
12.314
12.506
12.636
12.764
12.902
13.07
13.402
13.636
13.664
14.13
15.37
16.29
17.226
17.8600002
18.882
18.6299998
18.038
17.276
17.2599998
16.4119998
15.79
15.4519998
15.7779998
15.7559998
15.994
16.584
17.0939998
17.4519996
18.0539998
17.9479996
17.5859996
17.3119998
16.8299998
16.2459996
16.0499998
16.0139998
15.9919998
15.788
15.67
15.502
15.186
14.972
14.996
14.978
15.2040002
15.58
15.794
15.73
15.49
14.8199998
14.092
13.584
13.36
13.366
13.386
13.458
13.28
13.024
12.778
12.966
13.086
13.498
13.668
13.618
13.238
13.08
12.622
12.482
12.748
13.5580002
14.5840004
15.6740006
18.0260006
19.2720006
19.9460004
19.7540002
19.8259998
19.1259998
18.5959998
19.1179998
19.9719998
20.0719998
19.2299996
19.2259996
17.9659996
17.0659996
17.346
17.8340002
18.396
19.106
19.3459998
19.1679996
19.2359996
18.6399998
18.0239998
17.448
16.706
15.814
15.27
14.86
14.608
14.488
14.336
14.204
14.17
14.486
14.534
15.0559998
15.4579998
15.8619998
16.2419996
16.5079996
16.8099996
17.7299994
18.3399996
18.304
18.6280002
18.9720006
18.5880006
18.2780004
17.9860002
17.328
15.9799998
14.988
14.232
13.966
13.852
14.036
14.102
14.086
13.766
13.588
13.336
13
12.902
12.832
12.776
12.756
12.814
12.716
12.67
12.642
12.558
12.634
12.698
12.694
12.648
12.684
12.64
12.656
12.714
12.596
12.332
12.126
12.024
12.538
13.356
14.008
14.562
14.762
14.952
14.896
14.934
14.818
14.62
13.876
13.198
12.716
12.428
12.404
12.498
12.574
12.588
12.774
13.236
13.47
13.43
13.704
13.788
13.582
13.516
13.53
13.238
12.932
12.652
12.446
12.402
12.31
12.416
12.52
12.632
13.08
14.306
14.9920002
15.688
16.19
17.046
16.9939998
16.9479994
16.6999996
16.5939996
15.9199996
15.3339998
15.16
14.878
14.716
14.358
14.316
14.156
14.52
15.106
17.3760002
19.9800002
22.616
27.336
31.9420002
33.6199996
35.4139996
36.2999998
36.3919996
36.7579992
40.9659994
43.0619992
47.4439996
54.614
57.7920006
63.4380012
69.1600022
73.6700012
72.976001
74.6180008
70.3980004
67.5499992
65.05
62.85
62.75
61.8480004
60.222001
58.844001
56.826001
53.0780006
50.7100006
49.3420006
46.6
44.7519996
43.6259994
42.1299986
40.9579984
40.309999
39.6059998
40.1380006
41.668001
41.896001
42.150001
41.7060006
39.5980004
37.2300004
35.0800004
33.6340006
33.8860004
34.4220004
34.4300006
35.0080004
34.4660002
32.6240004
30.9440002
30.8300002
31.0620002
31.2960002
32.078
32.4239998
31.9219998
30.464
29.848
29.1020002
28.8440004
28.2620004
28.3820004
27.9780002
27.9920002
27.7580002
27.366
26.8099998
26.2119998
25.7279996
25.8739996
26.2559996
29.252
31.566
33.2840006
34.5040002
35.6840004
34.114
33.9199998
33.3939994
32.934