20.7133335
21.61666683
22.655
23.30833333
23.63499983
23.95166633
24.35999983
24.7033335
24.43333333
24.63499983
24.87999967
25.20333317
25.86
25.9516665
26.0583335
25.97166717
25.753334
25.463334
25.17166733
24.67833417
24.413334
24.21666733
24.22666717
24.096667
23.65666667
22.893333
22.39499983
22.24333317
22.1616665
21.95833333
22.231667
22.87333367
23.191667
23.06000017
22.72833367
22.5283335
22.25166683
21.75000017
21.15166667
20.77666667
20.50999983
20.29833317
20.1349995
19.98499967
19.93666617
19.583333
19.24833333
19.07999983
18.92166667
19.43666667
19.71166667
20.03999983
20.493333
20.6116665
20.338333
19.83666633
20.23333317
20.375
20.54500017
20.785
21.33500017
21.76333333
21.57166683
21.12
20.748333
20.6716665
20.44166633
20.50333317
20.63166617
21.5649995
22.29166633
22.44999983
22.53000017
22.12666683
22.08166717
21.44666717
20.49166717
20.09500033
19.58666667
19.09166683
18.335
18.16333333
18.19833317
18.0766665
18.40999983
18.88666617
19.19333283
19.06333267
18.8349995
18.603333
18.088333
17.70499983
17.31999983
17.3183335
17.32666683
17.585
17.70500033
17.62666717
17.61166717
17.72666683
18.00166667
17.78
17.68666633
17.72166617
17.59666617
17.298333
17.033333
17.02999967
16.8666665
16.888333
16.703333
16.48166633
16.03833317
16.365
16.55833317
16.32166683
16.45000017
16.60166683
16.73166683
16.215
16.056667
16.21666683
16.28500017
16.36500017
16.60166683
16.67166683
16.82999983
16.80333317
16.85999983
16.85999983
17.18999983
17.503333
17.26499983
18.36333317
19.20333333
19.79166683
20.0183335
20.4450005
21.36666717
20.938334
20.91333367
20.9533335
22.36666683
24.83166667
26.76333333
27.9566665
28.41499983
29.3016665
28.8016665
26.8466665
25.273333
25.088333
25.61166667
25.72999983
26.2566665
27.318333
29.51166667
30.64
30.98999967
31.43333333
31.17999983
31.06999983
29.97499967
29.24999967
29.06499983
29.24333317
29.46833333
29.37666683
29.12333333
28.88000017
29.01500017
29.0766665
29.213333
29.12666633
29.043333
29.13333283
29.25166633
29.25166633
29.128333
29.02333317
29.155
29.23000017
28.89999983
28.3533335
28.201667
28.0883335
27.95166683
27.7733335
28.21500017
28.86666683
29.88000017
30.61833367
31.25000017
31.8183335
31.92833383
31.66333367
30.64333383
29.86500033
29.18666717
28.65833383
28.2700005
28.46166717
29.0750005
29.61666717
30.028334
30.35666717
30.52166717
30.37166717
29.96666717
30.02500067
30.15000067
29.60166717
28.86333367
27.98500033
26.94833333
25.56499983
23.98999967
22.98833333
22.07
21.48833333
21.17000017
21.20166683
21.45500033
21.79
22.42666667
22.605
22.8233335
22.701667
22.381667
22.32500067
22.10500067
22.34166733
22.5850005
22.4600005
22.81166683
23.01666667
23.39333333
23.31500017
23.2033335
23.5116665
23.44666667
23.47666683
23.36500017
23.64833317
23.97666633
24.518333
25.17833317
25.828333
26.32999983
27.02000017
27.9083335
29.06166683
29.84666667
30.63000017
32.13166683
33.33333333
33.80333367
32.828334
31.83833383
30.45500033
28.57166683
26.53166683
24.8083335
23.9333335
23.5433335
23.35000017
22.761667
22.26000033
21.956667
21.90000033
21.63500033
21.55333367
21.92500017
22.33666667
22.58999967
22.65666617
22.5566665
22.3566665
21.68499983
21.095
21.04500017
20.79833367
20.8233335
21.05333367
21.1883335
21.42500017
21.2533335
21.32833333
21.3033335
20.90166683
20.93000017
20.895
20.82499983
20.76666633
20.42666617
19.69999933
18.7649995
17.73999967
16.90333317
16.1083335
15.64500033
15.77333383
16.03166717
16.34166717
16.42833367
16.50166667
16.64166633
16.7349995
16.88666617
17.028333
17.3116665
17.4916665
17.58
18.03000017
18.4183335
18.35666667
18.43000017
18.241667
17.976667
17.20166683
16.6233335
16.3633335
16.08500017
16.17166683
16.32166667
16.60166667
16.77
17.20166667
17.44499983
17.56999983
17.70333333
17.71833333
17.82666667
17.6916665
17.615
17.515
17.5183335
17.5883335
17.60166683
17.75500017
17.665
17.5766665
17.503333
17.238333
16.93166633
16.55333333
16.21833333
16.05666683
15.85666683
15.8483335
15.81000017
15.93666683
16.0933335
16.21500017
16.38666683
16.54666683
16.80333333
16.87833317
17.13666633
17.23499967
17.07666633
16.82999967
16.608333
16.62833317
16.46666667
16.38666667
16.77000017
17.16166683
17.46833367
17.54000033
18.00666683
18.36166667
18.253333
18.52333283
18.5849995
18.98833283
19.023333
19.115
19.075
18.87833367
18.78333383
18.316667
17.94333367
17.3733335
17.05833367
16.82666683
16.62666667
16.44666667
16.15
16.09666667
16.125
15.88666667
15.65333333
15.49666667
15.41666667
15.495
15.47333333
15.48833333
15.62166667
15.61833333
15.61833333
15.42
15.345
15.28333333
15.28833333
16.24500017
16.84500033
16.99333367
16.91000033
16.78000033
16.58000033
15.62500017
15.03333333
14.9
14.87833333
15.23833333
15.63333333
15.9416665
16.18333317
16.66833317
17.29499967
17.52666617
17.36499933
17.45999933
17.636666
17.62833267
17.51833267
17.451666
17.59666617
17.34666617
17.04999967
16.71666633
16.34833317
16.13999983
15.93499983
15.67333333
15.63499983
15.86166667
15.90833333
16.28666683
16.61333333
17.23500017
17.56666667
17.65999983
17.83999967
17.44666617
16.953333
16.58333283
16.26166633
16.10499967
16.078333
16.08499983
16.21333317
16.11833317
16.04833317
15.86333317
15.68166667
15.55166667
15.54833333
15.64833333
15.82
15.97333317
16.05833317
16.04999983
15.9316665
15.5466665
15.12499983
14.70666667
15.575
16.05000017
16.9583335
18.0183335
18.87833367
20.0850005
20.20833383
20.46166683
20.3783335
20.35500017
20.53333333
20.28333333
19.88666683
19.95166717
19.818334
19.73166733
19.68333383
19.82833367
19.75166683
19.3666665
19.12999983
18.86
18.50833367
18.0733335
17.83500017
17.62333383
17.29833367
16.85166683
16.505
16.45
16.7266665
17.1166665
17.62999983
18.21666633
18.80499967
18.98666633
18.928333
18.84499967
18.72166633
18.3966665
18.08999967
17.90999967
17.46999983
17.13166633
17.11666633
17.073333
16.918333
16.68499983
16.74333317
16.9516665
16.90166667
17.025
17.18166683
17.50833367
17.7233335
17.815
18.01
18.18
18.37333317
18.28999983
18.19166683
18.06333383
17.7700005
17.721667
17.48833383
17.32500017
17.24166683
17.18833317
17.07499967
16.81166633
16.703333
16.6966665
16.69833283
16.71999967
16.97666617
17.28166617
17.82166617
18.32166617
18.62166633
19.04333317
19.34833317
19.32833333
19.11333317
18.63166667
18.30000017
17.755
17.27166683
17.00166683
16.64500033
16.54500033
16.47833367
16.39500033
16.25333367
16.161667
16.18833367
16.33333333
16.40499967
16.52166617
16.99499933
17.656666
17.89166583
17.856666
17.90166617
17.778333
17.16833317
16.28499983
15.95833333
15.90500017
15.7333335
15.7083335
15.80166683
16.07500017
16.12666683
16.03
15.95833333
16.0883335
16.29000017
16.3183335
16.41333333
16.51166683
16.53166683
16.29166667
16.085
15.84
15.62000017
15.33333333
15.16166667
14.895
14.55166667
14.34
14.04666667
14.06333333
13.95833333
13.99166667
14.03166667
14.11666667
14.25666667
14.16166667
14.10666667
14.25333333
14.475
14.73166667
15.0733335
15.396667
15.611667
15.63000033
15.63500033
15.986667
16.25000033
16.25333333
16.53833333
16.5
16.36333333
15.75
15.1616665
14.645
14.09333333
13.895
13.80833333
13.88666667
14.08
14.46666667
14.675
14.735
14.75666667
14.52833333
13.97666667
13.43333333
13.1
12.92666667
12.69166667
12.70333333
12.83833333
13.02166667
13.23833333
13.30333333
13.44333333
13.43166667
13.405
13.48166667
13.42833333
13.55666667
13.68833333
13.76166667
13.985
14.195
14.41166667
14.665
14.73666667
14.84833333
14.73666667
14.61333333
14.54666667
14.49166667
14.74666683
14.91500017
15.02500017
14.91000017
14.68666683
14.4483335
13.98333333
13.50166667
13.23166667
13.11833333
13.20333333
13.16666667
13.08666667
13.04333333
13.06333333
13.17166667
13.35
13.50833333
13.645
13.80833333
13.955
13.98833333
13.775
13.85666667
14.09833333
14.35166667
14.41833333
14.8316665
15.55666667
16.425
17.2183335
18.22666683
19.05666683
19.756667
20.04000017
19.6883335
19.43333333
18.78166683
18.40666683
17.87333333
17.43666683
17.22333367
16.79333367
16.685
16.57
16.39166683
16.23833333
16.0466665
16.09833317
16.13333333
16.30166667
16.3083335
16.2133335
16.0833335
15.7633335
15.38000017
14.8233335
14.505
14.37666667
14.405
14.535
14.565
14.62166667
14.505
14.30333333
13.93666667
13.51833333
13.19
12.97
12.825
12.685
12.58
12.465
12.36833333
12.155
12.11833333
12.15
12.20166667
12.34333333
12.41166667
12.55333333
12.48
12.29833333
12.18333333
12.03166667
11.88166667
11.71333333
11.72666667
11.83166667
11.99
12.12666667
12.435
12.73166667
12.92333333
13.32833333
13.52333333
13.57166667
13.475
13.32
13.09
12.565
12.185
12.05166667
11.94666667
11.825
11.71
11.67833333
11.67166667
11.66333333
11.645
11.76666667
11.93833333
12.08333333
12.195
12.24166667
12.385
12.51833333
12.71
12.90666667
13.00166667
13.01666667
13.49333333
13.94
14.28666667
14.55166667
14.88666667
15.33
15.15666667
14.8
14.4
14.16333333
13.795
13.47666667
13.26333333
13.31666667
13.8266665
13.9216665
14.15833317
14.3466665
14.7166665
14.8266665
14.54166667
14.60166667
14.645
14.47333333
14.14
13.85333333
13.50833333
13.1
12.77333333
12.67333333
12.435
12.35333333
12.45
12.85333333
13.17166667
13.44
13.675
13.725
13.54333333
13.07666667
12.68333333
12.13666667
11.745
11.61666667
11.61833333
11.68666667
11.84
12.24
12.9
13.21166667
13.40833333
13.52333333
13.48
13.40333333
12.885
12.62666667
12.64333333
12.67833333
12.895
12.97
13.20666667
13.60333333
13.79833333
13.985
14.06333333
14.22
14.29
14.24833333
14.2
14.185
13.96666667
13.76833333
13.68333333
13.54333333
13.44
13.35666667
13.35333333
13.515
13.72666667
13.775
13.74666667
13.60833333
13.52
13.17333333
12.695
12.31166667
12.13333333
12.05666667
11.94333333
11.95166667
12.015
11.94666667
11.75833333
11.59833333
11.53333333
11.445
11.29166667
11.72833333
12.05166667
12.21
12.13333333
12.02333333
11.97166667
11.45666667
11.04833333
10.835
10.945
10.97833333
11.13666667
11.28833333
11.40833333
11.46833333
11.44833333
11.50166667
11.38166667
11.38833333
11.41333333
11.44166667
11.50333333
11.61333333
11.79333333
11.90333333
12.04333333
12.14
12.25166667
12.27833333
12.225
12.09166667
11.96
11.88666667
11.76
11.75333333
11.71833333
11.80333333
11.90666667
11.95333333
11.97333333
11.92333333
11.87
11.83166667
11.66833333
11.83333333
12.08333333
12.22
12.25666667
12.305
12.63666667
12.60333333
12.62333333
12.74333333
13.22666667
14.08333317
14.18333317
14.29333317
14.14499983
13.99499983
13.59333317
12.815
12.68833333
12.43333333
12.49666667
12.57666667
12.65833333
12.74333333
12.585
12.65666667
12.58333333
12.31833333
12.03833333
11.66
11.54166667
11.43333333
11.25166667
11.22166667
11.30166667
11.46166667
11.545
11.61166667
11.705
11.74833333
11.79833333
11.78333333
12.02166667
12.46666667
12.98166667
13.45666667
13.81666667
14.14666667
14.25
14.025
13.94
14.07333333
14.345
14.5
14.69166667
15.12
15.08833333
14.82166667
14.52166667
14.43333333
14.22166667
13.87666667
13.75
13.61333333
13.45833333
13.17333333
12.95666667
12.72333333
12.57166667
12.28666667
12.00166667
11.77166667
11.51166667
11.28666667
10.97833333
10.82833333
10.525
10.26666667
10.06666667
9.856666667
9.808333333
9.91
10.30166667
10.81666667
11.185
11.37166667
11.50666667
11.55166667
11.39833333
11.185
11.14166667
11.33166667
11.31166667
11.465
11.61333333
11.69166667
11.61
11.445
11.52
11.43666667
11.36
11.11666667
10.91333333
10.83666667
10.67833333
10.55
10.48
11.305
11.975
12.48
12.92166667
13.52666667
14.145
13.98333333
13.89
13.80166667
13.88333333
13.96
13.80333333
13.74166667
14.16833333
14.44666667
14.62666667
14.815
15.24166667
15.65000017
15.65666683
15.56666683
15.7933335
15.55666683
15.635
15.3866665
15.48833333
15.575
15.28833333
15.01333333
14.47500017
14.38666683
13.85
13.43833333
13.25833333
13.41
13.67333333
14.03166667
14.89833333
16.25500017
17.99500033
18.7383335
19.15166667
19.23333333
18.955
18.315
17.07333317
16.88833333
16.7033335
16.53666683
16.58666667
16.63999983
16.73833317
16.38999983
16.16833317
15.8816665
15.31166667
14.90833333
14.36833333
14.23166667
14.04333333
14.04833333
14.175
14.27
14.66833333
14.84833333
15.13833333
15.33333333
15.33
15.26166667
14.915
14.475
13.93833333
13.49333333
13.31833333
12.995
12.72
12.71166667
12.73833333
12.77833333
12.65
12.65
12.61
12.69833333
12.79166667
12.84
12.92166667
12.915
12.87
12.63166667
12.37666667
12.02666667
11.87666667
12.08833333
12.55166667
12.955
13.38833333
14.30499983
14.8416665
15.0216665
14.97499983
15.13333317
15.17333317
14.87333333
14.735
14.56333333
14.37
14.18
14.02
13.60333333
13.09333333
12.63833333
12.335
11.97166667
11.68833333
11.56
11.49
11.52
11.55666667
11.60333333
11.65833333
11.57166667
11.56333333
11.53166667
11.48
11.52166667
11.57333333
11.78666667
12.015
12.12166667
12.25166667
12.07
12.02333333
11.85333333
11.68666667
11.71333333
11.83
12.085
12.03333333
12.06333333
12.14333333
12.16333333
11.995
11.76333333
11.8
11.84833333
11.745
11.66166667
11.66
11.765
11.95666667
12.315
12.71
12.94333333
12.955
13.11166667
13.10166667
13.175
13.295
13.42833333
13.87
14.16333333
14.34166667
14.14166667
14.055
14.12
14.27166667
14.62166667
14.92
15.41833333
15.57666667
15.65
15.335
14.97666667
14.80666667
14.32
14.29333333
14.27166667
14.535
14.78166667
14.95
15.55833317
15.78666633
15.97166633
16.06166633
15.823333
15.598333
15.24333317
15.11166667
15.09166667
15.27166667
15.74000017
16.03
16.29333333
16.40333333
16.55666667
16.545
16.4266665
16.30333333
16.21833333
16.21833333
16.1566665
16.24999983
16.5416665
16.855
17.00833333
17.03333333
17.0033335
16.911667
16.60166683
16.37833333
16.24833317
16.27
16.63666667
16.52833333
16.34666683
16.07666683
15.57333367
15.00500017
14.11166683
13.60833333
13.195
12.79
12.68833333
12.51333333
12.39333333
12.35833333
12.33833333
12.53
12.835
13.12
13.35833333
13.41166667
13.49
13.37666667
13.02666667
12.91
12.51
12.17833333
11.92166667
11.76333333
11.715
11.60166667
11.88333333
12.01666667
11.96166667
11.90833333
11.80666667
11.825
11.68666667
11.65166667
11.59666667
11.55166667
11.54666667
11.365
11.275
11.25833333
11.28333333
11.355
11.39
11.44833333
11.48
11.49333333
11.62166667
11.61833333
11.57166667
11.45833333
11.60833333
11.615
11.54833333
11.65333333
11.70333333
11.925
12.21
12.53833333
12.82333333
12.88333333
13
12.98833333
12.68833333
12.39333333
12.13333333
11.96
11.85666667
11.72166667
11.55666667
11.43
11.435
11.43333333
11.59666667
11.81833333
12.14166667
12.52666667
12.65833333
12.93
12.98
13.01833333
12.92166667
12.79333333
12.69666667
12.45
12.37
12.38833333
12.43833333
12.33333333
12.30333333
12.37666667
12.39
12.27666667
12.08333333
12.025
12.07166667
12.065
11.945
12.005
12.02666667
12.105
12.20666667
12.40666667
12.62166667
12.48833333
12.54166667
12.53833333
12.47333333
12.48166667
12.45333333
12.42666667
12.28833333
12.13166667
12.01
11.855
11.80666667
12.00166667
12.11166667
12.39833333
12.70166667
12.835
12.88833333
12.895
12.98666667
12.80833333
12.44833333
12.16333333
11.895
11.53833333
11.28
11.155
11.16
11.185
11.16666667
11.34166667
11.535
11.63166667
11.67666667
11.66666667
11.74166667
11.79166667
11.65
11.655
11.755
11.9
12.02333333
12.1
12.19333333
12.275
12.35666667
12.56333333
12.64166667
12.61
12.68833333
12.77333333
12.85666667
12.805
12.87166667
13.05833333
13.22666667
13.375
13.475
13.48
13.46666667
13.395
13.26
13.15
13.00333333
13.00833333
12.88333333
12.78166667
12.67833333
12.51666667
12.60333333
12.49666667
12.63333333
12.715
12.74833333
12.82333333
12.695
12.6
12.325
12.05
11.93666667
11.79833333
11.665
11.52
11.51833333
11.54666667
11.49666667
11.405
11.36
11.55666667
11.75
11.89833333
12.09
12.31666667
12.59
12.68333333
12.72166667
12.74
12.78
13.02833333
13.24166667
13.56833333
14.04166667
14.295
14.64666667
14.81666667
14.82833333
14.725
14.38
14.48666667
14.35
14.19666667
14.02666667
13.89666667
13.98
13.85166667
13.92833333
14.185
14.365
14.49833333
14.44166667
14.36833333
14.15166667
13.59666667
13.28166667
13.08
12.80166667
12.64333333
12.60666667
12.76333333
12.87
12.85333333
12.92166667
12.92666667
12.82666667
12.58333333
12.32166667
12.14166667
12.11833333
11.965
11.845
11.81833333
11.70166667
11.5
11.37
11.55833333
11.74
11.66333333
11.655
11.65
11.435
11.16333333
10.94666667
11.51833333
11.86833333
12.13
12.19833333
12.27166667
12.28
11.85166667
11.7
11.75333333
11.99
12.08833333
12.47
12.73666667
12.88
13.32833333
14.03
14.46166667
14.53666667
14.77166667
14.935
14.775
14.305
13.97333333
13.825
13.58666667
13.32833333
13.11
12.84666667
12.76166667
12.60833333
12.43666667
12.455
12.50333333
12.74666667
13.14666667
13.42833333
13.655
13.985
14.22833333
14.475
14.64166667
14.97833317
15.22499983
15.58666633
15.54999967
15.48666633
15.35166633
15.393333
15.60333283
15.5899995
16.018333
16.37833283
16.69333283
16.64666633
16.63499967
16.5966665
17.2066665
17.65333333
18.05666667
18.39499983
18.45666667
18.46500017
17.89999983
17.72499983
17.65333317
17.58833333
17.60833317
17.82499967
17.90666633
17.8299995
17.74666617
17.936666
18.07833283
17.84666633
17.6016665
17.31666667
17.40999983
17.15
17.5366665
18.06999967
18.2449995
18.35333283
17.97499983
17.93333317
17.29833333
16.54333333
16.21000017
15.90666683
15.65
15.25833333
14.98166667
15.03666667
15.11166667
15.28833333
15.90666683
16.236667
16.59833367
16.8350005
16.82666717
16.9800005
16.47833367
16.22166683
15.88500017
15.67166667
15.66
15.35
15.38166667
15.52166667
15.62166667
15.71833333
15.69
15.98833333
16.21333333
16.21666667
16.31166667
16.42666683
16.5333335
16.386667
16.33500033
16.34833367
16.46666717
16.436667
16.57333367
16.75333367
17.0533335
17.28
17.39166667
17.53500017
17.53
17.30999983
16.855
16.51666683
16.14666667
15.58833317
15.04
14.70333333
14.41666667
14.21333333
14.35666667
14.72833333
15.03
15.31833333
15.9216665
16.4016665
17.07166667
17.685
18.3066665
18.70999983
18.61833333
19.17166667
19.41166633
19.63499983
19.66333317
19.58333333
20.055
20.07500017
19.72666683
19.28
18.746667
18.731667
18.20500033
17.49000017
16.9200005
16.42166717
16.31833367
16.16000017
15.9983335
15.8683335
15.66333333
15.58
15.44
15.125
14.75
14.53666667
14.63166667
14.605
14.66666667
14.94999983
15.49999983
16.21499967
16.75833283
17.65833283
17.99166617
18.01499983
17.88833317
17.4866665
17.04166667
16.15666667
15.87833333
15.77499983
15.70999983
15.70500017
15.65166683
15.86166667
16.03166683
16.11166667
16.1533335
16.165
16.38166683
16.48000017
16.53500017
16.626667
16.4083335
16.2433335
16.015
15.85500017
15.76833333
15.485
15.54
15.66
15.66333333
15.55
15.35333333
15.505
15.71666667
15.82000017
16.035
16.3483335
16.89166683
17.27500033
17.621667
17.89833367
18.06500033
18.19000033
18.07500033
17.85666667
17.64499983
17.25666633
16.61499983
16.168333
15.708333
15.17833317
14.70333333
14.59333333
14.79166667
14.88833333
15.035
15.22333333
15.48166667
15.78999983
16.078333
16.27833283
16.63833283
17.2649995
17.60166617
17.79666617
18.10666633
18.20833317
18.19999967
18.36666633
18.7866665
19.27833333
19.80666667
20.31
20.56666683
20.41500017
20.14833333
19.88333333
19.33166667
18.96833333
18.91999983
19.04333317
19.38833317
19.66166633
19.73666617
19.95333267
19.9899995
20.11166617
20.1099995
19.85833283
19.97666633
19.87333317
19.8816665
19.77666667
19.3966665
19.225
18.8866665
18.52333317
18.368333
18.32166617
18.57666633
18.933333
19.3366665
19.733333
19.89999967
19.94166633
19.81999967
19.87333283
19.86166617
19.76666633
19.96333317
20.028333
20.03666633
19.7316665
19.56833317
19.70166667
19.69500017
19.93500033
20.1133335
20.21500017
20.3483335
20.52166667
20.59999983
20.54833317
20.60499983
20.735
20.65333333
20.61
20.31666667
19.96666667
19.6933335
19.52500017
19.57500033
19.4633335
19.73500033
20.111667
20.526667
20.795
20.77833333
20.82
20.53833317
20.04833317
19.8416665
19.99499983
20.18666633
20.393333
20.71499983
20.8666665
20.53499983
19.9183335
19.53833333
19.15666683
18.91833333
18.895
18.85166667
18.718333
18.743333
18.69999967
18.75666633
18.828333
19.19999967
19.7316665
20.13833333
20.57
20.5216665
20.61166633
20.50999983
19.9566665
19.78666633
19.70499967
19.95999983
20.16
20.2
20.65666667
20.77
20.81
20.57166667
20.62333333
20.8516665
20.6866665
20.43166683
20.04500017
19.74000017
19.371667
19.0050005
18.9650005
18.9500005
19.29666717
19.61833383
19.741667
19.921667
19.90833383
19.9533335
19.651667
19.45833367
19.19333367
19.01166683
19.15
19.2683335
19.5033335
19.71166683
19.99333367
20.31333383
20.4750005
20.69666717
20.92500033
21.11166683
21.3333335
21.30166667
21.1283335
20.51500017
20.06666667
19.65666683
19.46833333
19.28833333
19.18166633
19.47499967
19.45333317
19.55333333
19.57666683
19.97000033
20.71166717
21.07666717
21.46000033
21.72666667
21.77333317
21.69999967
21.45166633
21.38833283
21.418333
21.64
21.82666683
21.62666667
21.29833317
21.02833333
21.1916665
21.27166633
21.57333283
22.21999967
22.73
23.51000017
23.82833383
23.806667
23.36333367
23.24833367
23.52000017
23.46166667
23.5216665
23.79166667
24.36166667
24.51666667
24.48166683
24.62333367
24.71333367
24.72166683
24.7033335
24.55833333
24.57666633
24.7499995
24.73333283
24.97166633
24.86666633
24.9016665
24.70833333
24.16666667
23.65166667
23.02833333
22.83999983
22.64999967
22.44666633
22.36166633
22.49999967
22.553333
22.4916665
22.25500017
22.146667
21.82333383
21.46666717
21.46500033
21.04500033
20.83166683
20.56166667
20.52166633
20.4816665
20.3783335
20.54
20.4183335
20.396667
20.88666717
21.326667
22.89833367
24.64833367
27.0183335
30.07500017
32.09166683
33.5783335
33.76500033
33.9250005
33.72833383
33.406667
33.66333383
34.378334
35.311667
36.05500017
36.23666683
35.45500017
34.60833317
33.533333
31.77999967
30.11499983
29.47166633
29.03333317
28.60000017
28.1833335
27.96500017
27.80000017
26.82000033
25.9683335
24.91833333
24.2166665
23.775
23.58999983
24.208333
24.888333
25.67499983
26.15666683
26.65166667
27.091667
27.3500005
27.456667
27.871667
28.56500017
29.05500017
28.9883335
28.18833333
27.43000017
26.35666667
25.37166683
24.77000017
24.48333333
24.75500017
25.53500033
26.301667
26.43666683
26.1183335
25.84833367
25.121667
23.9483335
23.03333367
22.69833367
22.626667
22.71333333
22.81666667
22.88499983
22.738333
22.45666617
22.12999967
21.57999983
21.293333
21.165
20.975
20.98833333
20.8716665
20.823333
20.6866665
20.44499967
20.48666633
20.1716665
20.04166633
19.8116665
19.68833317
19.6066665
19.25
19.07833317
18.8566665
18.88833333
18.89666683
18.93500017
19.32
19.405
19.68500017
19.725
19.69999967
19.478333
19.10833283
19.003333
18.74166633
18.5516665
18.36333333
18.43666683
18.64833367
18.981667
19.62833383
20.38166683
21.33333333
22.32833317
23.03499967
23.5116665
23.418333
23.25333317
23.0866665
22.91999983
22.745
22.43499983
22.5666665
22.53166667
22.26833333
22.0016665
21.59999983
21.413333
20.93666633
20.57499967
20.5266665
20.5116665
21.39999983
22.03
22.5083335
22.79833333
22.58833333
22.3133335
21.54166667
21.31166683
21.41333317
21.3116665
21.59666633
21.70666633
21.53666667
21.01166633
20.52
20.70666683
20.59666683
20.415
20.238333
20.12999983
20.40166633
20.55166617
20.60999967
20.84833317
21.42333333
21.925
22.055
21.8266665
21.66666667
21.54333333
21.15833333
21.07166667
21.19166667
21.451667
22.47833367
23.18166683
23.57666667
23.73
23.455
23.315
22.35333317
21.55666667
21.11666683
20.61000033
20.21833367
19.84666667
19.485
19.09333333
18.82333317
18.69999983
18.40833317
18.15
18.13666667
18.235
18.11
17.988333
17.84666617
17.5249995
17.42833283
17.7349995
18.14166633
18.99499983
20.00166667
21.1516665
22.46999983
23.25166667
23.64166667
23.93999983
24.43499983
25.7566665
26.51999983
27.08833317
27.81499983
28.47333333
29.46166667
29.04333333
29.05833333
30.0816665
30.88833333
30.83
30.2933335
30.53500033
31.07166683
30.64833333
30.39333317
30.84999967
32.49333267
34.09333233
35.949999
36.72999917
37.8016655
39.51666567
40.30999933
40.02666667
39.25666683
40.72500033
41.88833433
41.41166767
40.29000117
39.963334
39.89166733
38.78166733
37.92166733
37.59666717
36.911667
36.69833383
35.91833367
35.29166667
34.875
35.596667
37.43166683
38.40000033
39.77666733
40.83166767
42.07000033
42.86833383
42.65500067
42.58833383
42.15833367
41.785
40.09000033
38.27
36.75833333
35.5983335
34.42833333
33.19000033
33.011667
32.6050005
32.5750005
32.46
31.84166683
31.2616665
30.4266665
29.65666633
28.72666633
27.65833333
27.02500017
27.031667
27.18333367
27.30166683
27.62000017
28.12333367
28.65666683
28.63333367
28.46000017
27.96500033
26.83
25.6316665
24.695
23.72833317
22.88833333
22.97333333
23.39
23.98833333
24.89166667
25.41833317
25.8866665
25.81499983
25.93
26.15999983
25.99666617
26.99666617
27.7499995
28.47999933
28.8633325
28.56833283
27.92499983
26.5033335
24.96833333
23.55500017
22.811667
22.33500017
22.24833333
22.5216665
23.515
24.0116665
23.98499983
24.35
24.34000017
24.51333333
24.835
25.776667
27.38333367
28.19500017
29.18833333
29.71166683
30.18166683
30.4883335
30.18
30.17833333
30.26
30.1783335
29.40000017
28.68666667
28.19166683
27.96666667
27.925
28.18499983
28.85499983
29.47
29.85166683
29.77500033
29.821667
29.81833367
29.881667
29.73000033
29.53833333
29.28000017
28.73500017
28.32833333
27.88833333
27.45999967
27.305
27.863333
28.28833317
28.19833333
27.54333333
26.986667
26.4283335
25.6900005
24.91166717
24.60666717
24.8000005
24.901667
24.99333367
24.88333333
24.87499983
24.9016665
25.23999983
25.4816665
25.27499983
25.26000017
25.13000033
24.751667
24.08333367
23.32666683
22.97000033
22.7383335
22.6166665
22.59333317
22.34499983
22.32333333
22.41333317
22.795
22.98166683
23.20000017
23.97500017
24.49000017
24.58666667
24.2
24.005
23.9433335
23.43333367
23.33000033
23.621667
24.03000017
24.26166683
24.61000017
24.91500017
25.421667
25.47166733
25.73000083
25.975001
26.06000067
26.03166717
25.9350005
26.2550005
26.361667
26.27166683
25.9933335
25.89000017
26.01666683
26.28666667
26.33833333
26.84500017
27.00000017
27.37000033
27.135
26.68500017
25.99500017
25.27166683
25.04333367
24.59000017
24.441667
24.39166683
24.90500017
25.26
24.99
24.66500017
24.07000017
23.38833333
22.58666683
21.82166683
21.93166667
21.89999983
22.04666633
22.16333317
22.06166633
21.78999983
21.05666667
20.885
20.50500017
20.12666683
19.605
19.6116665
19.82666667
19.6566665
19.37833317
18.90833317
19.09333333
19.43666683
19.68833317
20.24499983
21.01833317
22.27833317
22.9716665
23.148333
23.65833317
23.92333317
24.3016665
24.5166665
25.2116665
25.90499983
26.2516665
26.755
27.23166683
27.085
26.69000017
25.90666667
25.31833333
24.32
23.46166633
23.29499967
22.948333
22.988333
22.87666633
22.75833283
22.4099995
21.983333
22.26333267
22.57999967
22.668333
23.26333333
23.22500017
23.49333367
23.35833383
23.11833367
22.96833383
22.69500017
23.16000017
23.3466665
23.58499983
23.633333
23.96666633
24.4266665
24.66333333
25.21000017
25.63333367
26.1500005
26.4883335
26.6283335
26.665
26.18
25.62499967
25.3566665
24.68999983
24.20499983
23.38499983
22.668333
22.39833317
22.59333283
23.25833283
24.1199995
25.403333
26.39166633
26.568333
26.24499983
25.50999983
24.6516665
23.99666633
23.60333333
23.17666667
22.8733335
22.94833367
22.86500033
22.681667
22.48166683
22.53500017
22.48000017
22.581667
22.441667
22.26000033
22.03500033
22.21500033
22.02500017
21.73499983
21.31833317
20.825
20.54666667
20.25666667
20.17833333
20.40666683
21.04166683
21.88666667
22.26166667
22.39
22.23333333
21.94166667
21.52833333
21.04
20.86666683
20.8183335
21.21833333
21.6316665
21.78833333
21.89833333
21.92499983
22.30833333
22.46500017
22.36000033
22.20833367
22.401667
22.67166683
22.55666667
22.90666667
23.27499983
23.7899995
24.44666617
25.01999967
25.45999967
24.95333283
24.4649995
24.17999967
23.48499967
22.70166617
21.6899995
21.653333
21.65499967
21.52999967
21.193333
21.5866665
22.1466665
22.40166667
22.70500033
23.43666683
24.12500033
24.02166717
24.038334
23.86833383
23.5350005
22.9766675
22.36000067
22.26833383
22.26000033
22.661667
23.135
23.1566665
23.53333317
23.57833317
24.0666665
24.30666667
24.225
24.46833317
24.75
25.00166667
24.5633335
23.85999983
23.38833317
22.5266665
21.90999967
21.84833283
21.92333267
22.01833267
22.04833283
22.65499967
23.13999967
22.8116665
22.30333317
22.33000017
22.61666667
22.42500017
21.9383335
21.92500017
22.34833333
22.70833333
23.02500033
23.42500017
24.08833333
24.39666683
24.51666717
24.94833383
25.54000033
26.04833367
25.86833367
26.18166683
26.71833333
27.02833317
27.19333317
28.25000017
29.0100005
29.03166733
28.993334
28.47166733
28.13333417
26.75833383
26.4283335
26.44000017
26.30333367
26.3083335
26.49666667
27.5616665
28.195
28.41833333
28.75166667
29.26000017
29.48833367
28.84333383
28.056667
27.611667
26.9683335
26.1433335
25.15833317
24.77166667
24.7633335
24.93166683
24.9283335
25.0283335
25.1133335
24.81000017
24.4183335
23.8333335
23.36000017
23.04833333
22.81166667
22.6216665
22.47499983
22.43833283
22.57833283
22.40499967
22.14333317
21.84333317
21.46499983
21.21333317
20.973333
20.7966665
20.88333317
21.15999983
21.485
21.68
21.581667
21.43000033
21.0200005
20.60166717
20.386667
20.243334
20.06500033
20.17000017
20.26500017
20.29833367
20.1100005
19.84000033
19.878334
19.78166733
19.7050005
19.52333383
19.34166717
19.44166717
19.43166683
19.4183335
19.41000017
19.72666667
20.0266665
20.13166633
20.23333317
20.2866665
20.12333333
19.82166683
19.496667
19.26833383
19.133334
18.89333383
18.77000017
18.595
18.4666665
18.18333317
17.82666617
17.62666633
17.558333
17.45833283
17.29499967
17.1366665
17.05166683
16.975
17.011667
16.92166717
17.00333383
17.551667
18.26000033
18.68166717
18.81000017
19.07000017
19.24666667
18.99666667
18.57499983
18.42499983
18.72333333
18.9133335
19.13666683
19.44666683
19.86000017
20.34166683
20.61333333
20.96833317
20.89166633
20.95666633
21.038333
21.11166633
21.055
20.9483335
21.4883335
22.0633335
22.66833367
23.45500033
24.95000017
26.045
26.72500033
27.361667
28.005
27.75833333
26.71333333
26.2283335
25.81000017
25.61166683
25.5950005
25.82500033
26.0283335
25.8516665
25.8516665
25.3966665
24.57166633
24.2466665
24.155
24.4933335
24.98000017
25.74833367
26.64666683
27.02833333
27.235
27.13333317
26.7349995
26.551666
26.14499967
26.29499967
26.26999967
26.58333317
27.05499983
27.06499983
27.56999967
27.5316665
27.82833333
27.505
27.07666683
26.7183335
25.51166683
24.85000017
24.3666665
24.13999967
24.10499983
24.30666633
25.18833317
25.79833317
26.94166667
27.94666683
28.39499983
28.75833333
28.83166633
28.73166633
27.91666633
27.97166633
27.81333317
27.51999967
27.60833317
28.15333317
28.34333317
27.81166633
27.6766665
27.27499983
26.71
25.89166667
25.12166683
24.52833367
24.10500017
23.606667
23.06500033
22.6833335
22.55
22.44500017
22.33166683
22.40666683
22.345
22.23000033
22.16666717
22.061667
21.911667
21.8183335
21.88000033
21.87500017
21.7383335
21.66166683
21.4283335
21.53833383
21.98166717
22.6200005
23.51833367
24.46666683
25.32666683
26.055
26.66499983
27.05333317
27.16499983
27.15000017
27.22666667
26.83166683
26.15500033
25.7450005
26.22666717
26.2983335
26.91833383
27.6583335
28.595
29.28833333
29.39499983
30.125
30.66333317
30.9783335
30.83333367
30.376667
29.9800005
29.5200005
28.82000033
28.94666667
29.89333333
31.06499983
31.29166667
31.71166683
32.256667
31.96166733
30.91833367
29.59333383
28.991667
27.97833367
26.68166683
25.80166667
25.28833333
25.62833317
25.98833317
26.28666633
26.59166633
26.568333
26.58499983
25.925
25.215
24.94500017
24.60333367
24.74333383
24.57000067
24.5950005
24.55666717
24.18333383
24.24166717
24.05000017
23.62499983
23.14499967
22.683333
22.2199995
21.7349995
21.463333
21.24333317
21.09833333
21.24999983
21.58333317
21.798333
21.71666633
21.85166617
21.68166617
21.3899995
20.8749995
20.42166633
20.27333317
20.16000017
20.471667
20.92666733
21.4500005
21.99166717
22.26500033
22.43333333
22.088333
21.57166617
21.21499967
20.8866665
20.643333
20.35999983
20.3066665
20.0966665
19.80499983
19.61999967
19.74499967
20.15666633
20.85499983
21.72999983
22.25833317
22.433333
22.6466665
22.66833333
22.72666667
22.47666667
22.51833333
22.95166683
23.34000017
23.57166667
23.47333333
23.38833333
23.44666683
23.09333367
22.3133335
21.66166683
21.14166667
21.12333317
20.843333
20.9599995
21.158333
21.2349995
21.323333
21.08833317
21.0716665
20.94166667
21.29
21.676667
22.34000033
22.66666717
22.88666717
22.58166683
22.035
21.88999983
21.66166667
22.1566665
22.60499983
23.62833333
24.5933335
25.69500033
27.02166683
28.0933335
30.89999983
33.06999967
35.43833317
37.96
39.905
40.89
39.89833383
39.296667
38.2033335
36.23499983
34.5116665
33.4166665
32.67166633
32.12333317
32.02166633
32.55333283
32.9716665
33.0416665
33.06833317
33.61833333
33.93833367
33.56500067
33.60666733
34.16500083
34.600001
34.09666767
33.54500083
33.22333417
32.286667
31.1983335
30.7866665
30.988333
31.24833317
31.47499983
31.68333317
32.02999983
31.5566665
30.83499983
30.0116665
29.19999983
28.97333333
28.3016665
27.92833317
27.33333317
26.74166633
26.24499933
25.37333283
24.99333317
24.44166667
24.146667
23.96833367
24.20833383
24.38500033
24.32666683
24.74666683
24.795
24.63166667
24.2666665
23.98499983
24.28166667
24.20333317
24.335
24.81666667
24.97
25.09833333
24.71
24.25666683
24.05666667
23.48833333
23.15333367
22.8250005
22.541667
22.34500033
22.36666683
22.40166667
22.18833317
21.8816665
21.94
22.01166667
21.73333333
21.67500033
21.88500033
22.40666683
22.5333335
22.80333367
22.82333383
22.85000033
23.01833383
22.73500033
22.47666683
22.07
21.88499983
22.18999983
22.1249995
21.993333
21.98833317
22.63166667
23.35000033
23.64000033
23.95500067
24.31666733
24.42666733
23.88500067
23.11833383
22.39833383
21.94166717
22.13666717
22.28333367
22.64666667
22.98166683
22.9933335
22.87833333
22.38833333
22.21
21.57
21.1766665
20.91999967
20.62999983
20.38833333
20.00166667
19.98166683
19.83000017
19.69000017
19.56666683
19.29666667
19.24
18.96
18.7716665
18.55333333
18.31499983
18.32499983
18.19166633
18.11499983
17.93833333
18.035
18.26666667
18.5533335
18.82833383
19.06666683
19.43500033
19.5583335
19.396667
19.41333333
19.35333317
19.46833333
19.21833333
19.04500017
19.2283335
18.89500017
18.9533335
19.03000033
19.4733335
19.89333367
20.36833333
21.32666667
21.68333333
21.64666633
21.52999967
21.403333
21.473333
21.12166667
20.86833317
21.11833317
21.50833317
21.59666617
21.06166633
20.603333
20.28833317
19.64500017
19.11666683
19.00500017
19.0433335
18.88333333
18.95
19.38499967
19.57666617
19.66999983
19.7366665
20.59333333
21.42499983
21.8083335
22.436667
22.92000017
23.54333333
23.72333333
23.76666683
24.16833333
24.46833317
24.65666633
24.74333317
25.01166617
25.56666617
25.9349995
26.10499967
26.63833317
27.33499983
27.3733335
27.02666683
27.006667
27.33666683
27.60000017
27.381667
27.7083335
28.51166667
29.67666617
30.491666
31.0783325
32.39833217
33.7983325
34.6699995
34.83999967
35.55999967
37.048333
38.69666617
39.231666
39.8683325
39.93333233
38.79333267
37.1349995
34.98666633
34.50166633
34.83833317
36.43333383
38.216667
39.351667
40.06833417
39.79833433
39.09166733
37.54833367
35.93666733
34.38666733
33.1333335
32.01333333
30.77000017
29.50500017
28.73666667
28.71833333
28.89833333
29.14833333
29.77
30.67666633
31.49166617
33.26666633
34.52499967
35.983333
36.485
36.94833383
37.355001
36.495001
36.50500117
35.99833433
36.06666767
36.32666717
36.7333335
37.706667
37.95333367
38.596667
39.22666667
39.113334
38.626667
38.0133335
38.13166667
37.20499983
36.59000017
36.58666667
37.39666683
38.3416665
38.56333333
39.89833367
40.01833317
39.74999983
39.18000017
37.74333367
36.906667
35.56833317
34.89833317
34.4666665
34.14166633
34.00499983
33.67666633
32.99333333
32.5833335
32.44333333
31.96666667
31.623333
30.83499967
30.97166633
30.998333
30.74166633
30.773333
30.48499983
30.81833317
30.77833317
30.77999983
30.4366665
29.6416665
29.34999983
28.70166667
27.825
26.5866665
25.66833317
25.23833317
24.95666633
24.92999967
25.293333
25.90166633
26.763333
27.57166633
28.25999983
28.53166633
29.07833317
29.295
29.2
28.9283335
28.6083335
28.16833367
27.48166683
27.40333367
27.81166683
27.71499983
27.385
27.42666667
27.54500017
27.75499983
27.65666683
27.9750005
27.84000017
27.5383335
27.12833333
26.39166667
25.71
24.9816665
24.80333333
24.84
24.78333333
24.84666683
24.76
25.00166683
25.54666683
26.23166683
26.72500033
27.72500033
29.3383335
30.37666667
30.98833333
31.37333333
31.97999983
31.89833317
31.57666633
31.7616665
32.1099995
32.5583325
33.02833283
33.47166617
33.7333335
33.8433335
33.721667
33.23833417
32.791667
32.371667
31.69166667
31.40499983
31.25833333
31.39666667
31.266667
31.01166683
31.04166683
31.01666683
30.79
30.695
30.7866665
31.40000017
31.93000033
32.21
32.44000017
32.375
32.48666667
32.0066665
31.6616665
31.15000033
30.63500033
30.53666683
30.03666683
29.67000017
29.07333317
28.62499967
28.70499967
28.36666667
28.245
28.2416665
28.4366665
28.55333333
28.2166665
28.00833317
27.60499983
26.97666683
26.02333367
25.04166667
24.2733335
23.33833333
22.73000017
22.10666683
21.67166667
21.30000017
21.01333333
20.90333333
20.70499983
20.7899995
20.92166633
20.97166617
21.02666617
21.01999933
21.05999933
21.0649995
20.748333
20.56333317
20.36
20.22666683
19.9333335
19.46000017
19.59666667
19.89166683
20.10833333
20.07166683
20.06000017
20.32500017
20.24500033
20.10166683
19.81166683
19.99
20.26833333
20.3733335
20.50666667
20.64333333
21.09000017
21.055
20.94999983
20.91499967
20.88666633
20.7149995
20.35833283
20.21166633
20.143333
19.93166617
19.91833283
20.00666633
20.1399995
20.0799995
19.973333
20.0366665
19.84999967
19.56333317
19.3266665
19.43666633
19.48999967
19.39166633
19.34666667
19.253333
19.2866665
19.2016665
19.24833317
19.463333
19.44999967
19.66833333
19.59833333
19.44666667
19.25333333
18.84166683
18.71666683
18.53166667
18.47833333
18.62000017
18.9783335
19.56500017
20.285
20.75666667
20.99166667
21.00833333
20.84166667
20.28666683
19.63500017
19.13
18.79833333
18.56333333
18.2483335
18.22833333
18.07333333
18.08666667
18.29666683
18.51500017
18.7266665
18.8366665
18.968333
19.0466665
19.0316665
18.90166633
18.7416665
18.70499983
18.74166667
18.90666667
18.87499983
18.87
19.05500017
19.016667
18.90000033
18.49333367
18.20833383
18.3700005
18.40166683
18.93333317
19.61833317
20.39499983
21.083333
21.5949995
21.86166633
21.79166633
21.33166633
20.878333
20.50166633
19.9116665
19.5366665
19.14500017
18.82
18.4633335
18.176667
17.8450005
17.64500067
17.41000067
17.243334
17.29333383
17.291667
17.37833333
17.44999967
17.41333283
17.393333
17.16999967
16.90666633
16.713333
16.463333
16.46999983
16.5216665
16.6216665
16.875
17.04000033
17.07333383
17.0083335
17.041667
17.32000033
17.56833367
17.77833333
18.23333333
18.65166683
18.73500017
18.42
17.93999983
17.52666667
17.075
16.62333333
16.488333
16.41999967
16.563333
16.59999983
16.743333
17.00999983
17.02666667
17.04500017
17.0683335
16.96666667
16.62500017
16.34
16.28833333
16.37666683
16.2533335
16.37500017
16.686667
16.841667
17.051667
17.28
17.56833317
17.7066665
17.58666633
17.32166633
16.97666633
16.7166665
16.48333333
16.57500017
16.5783335
16.5883335
16.48666683
16.23000017
15.81666683
15.26166667
14.94333333
14.775
14.83333333
15.09500017
15.56166667
15.8816665
16.26
16.725
17.14500017
17.29999983
17.11
17.07
16.87499983
16.54999983
16.123333
15.76833317
15.66833317
15.535
15.51166667
15.62000017
15.78333367
15.836667
15.75833367
15.631667
15.42333367
15.15666683
14.91833333
14.69333333
14.605
14.54666667
14.75333333
15.11333333
15.74833333
16.76833333
17.41833317
18.52666633
19.28499967
19.5366665
19.51333333
19.26
19.80666683
19.73000033
19.64166683
19.60333317
19.403333
18.96166633
18.07833317
17.42333317
16.89666667
16.5233335
16.13000017
15.9333335
15.84666667
15.76666667
15.53833333
15.80833333
15.91666667
15.98666667
15.85
15.71
15.94166667
15.665
15.49666667
15.20833333
15.18
15.12166667
15.0583335
15.22500017
15.65500033
16.0900005
16.386667
16.50333367
16.63
16.88499983
17.31499967
17.6399995
17.9049995
18.41999967
18.65666633
18.96166633
18.888333
18.948333
19.0366665
18.97499967
18.90999983
18.24333333
17.68333333
17.075
16.54666667
16.1816665
15.84833317
16.02666667
16.16166683
16.18000017
16.0983335
15.946667
15.77333367
15.6133335
15.325
15.225
15.24833333
15.18166667
15.21833333
14.925
14.74666667
14.75
14.75666667
14.93666667
14.97166667
14.97666667
15.18
15.225
15.40166667
15.35833333
15.48000017
15.72000017
15.68000017
15.57666683
15.16166683
14.9783335
14.66833333
14.56666667
14.435
14.76
15.09166667
15.39
15.88333317
16.113333
16.443333
16.32166633
16.24999967
16.06166633
15.85
15.79333333
16.155
16.765
17.35999983
17.70999967
18.04499967
18.52333317
18.4666665
18.1716665
17.86
17.6533335
17.47333317
16.95999983
16.60999983
16.2366665
15.8966665
15.6766665
15.30166667
15.20833333
15.11
15.04
14.92333333
14.75666667
14.65
14.42
14.20666667
14.015
13.83
13.77166667
13.86666667
13.92166667
13.925
14.03666667
14.11833333
14.315
14.34166667
14.32333333
14.42166667
14.32166667
14.24666667
14.01333333
13.67166667
13.52666667
13.415
13.32333333
13.53833333
13.82333333
14.15
14.42333333
14.66833333
15.19333333
15.28333333
15.22666667
15.29666667
15.26333333
15.11666667
14.925
15.18166667
15.4616665
15.55999983
15.64999983
15.93833317
16.10333317
16.0366665
15.645
15.35333333
15.095
14.68333333
14.24
13.72333333
13.55666667
13.45
13.37333333
13.275
13.20833333
13.19166667
13.26833333
13.20833333
13.09
13.00833333
12.93666667
12.99
12.94666667
12.94666667
12.99833333
13.03833333
13.10666667
13.16833333
13.16
13.145
13.10833333
13.03833333
12.96166667
12.74166667
12.58833333
12.43333333
12.27833333
12.11333333
11.9
11.71333333
11.69166667
11.7
11.665
11.83333333
12.14
12.615
12.92166667
13.27
13.59666667
13.75166667
13.74166667
13.59333333
13.35666667
13.14833333
12.95666667
12.78666667
12.77833333
12.885
13.185
13.48666667
13.75833333
13.92
13.93
13.83166667
13.575
13.13833333
12.73833333
12.46333333
12.125
11.87333333
11.67
11.665
11.64
11.58
11.63166667
11.555
11.47166667
11.43333333
11.37833333
11.66333333
11.80833333
11.85833333
11.92333333
11.975
12.11833333
12.01166667
12.10166667
12.16333333
12.29166667
12.345
12.455
12.45333333
12.43166667
12.50666667
12.655
12.83666667
12.935
13.04333333
13.17833333
13.49166667
13.64333333
13.63166667
13.70833333
13.93333333
13.93833333
13.89666667
13.90166667
14.01666667
14.005
13.78166667
13.56333333
13.33
12.97833333
12.51
12.44833333
12.67833333
13.58
14.2366665
14.73333317
15.66999983
15.85333317
15.99499983
15.47499983
15.2
15.185
15.17500017
15.32500017
15.28166683
15.26666683
15.09000017
14.94166683
14.47333333
14.21333333
14.17833333
14.165
14.5433335
14.9333335
15.20500017
15.34166683
15.1283335
14.94000017
14.44333333
13.88166667
13.38333333
13.05166667
12.82
12.625
12.65
12.55166667
12.41
12.33833333
12.345
12.385
12.28666667
12.24
12.26
12.17666667
12.095
11.94
11.68166667
11.58166667
11.5
11.405
11.28166667
11.39333333
11.565
11.73833333
11.75666667
11.87166667
12.03666667
11.915
11.83166667
11.79
11.94166667
11.88833333
11.76166667
11.68666667
11.54666667
11.30333333
10.94333333
10.83
10.69166667
10.57166667
10.59333333
10.545
10.67333333
10.71
10.695
10.74333333
10.84333333
11.10333333
11.21166667
11.35166667
11.71166667
12.03833333
12.31166667
12.365
12.47
12.56833333
12.605
12.56833333
12.62
12.77
12.94333333
13.11
13.22333333
13.40333333
13.51166667
13.58333333
13.63333333
13.65
13.68833333
13.565
13.395
13.36833333
13.23666667
13.07
12.95
12.84666667
12.59666667
12.4
12.39666667
12.39166667
12.10666667
12.13333333
12.29833333
12.53166667
12.60166667
12.68
12.98333333
13.08666667
13.085
12.82666667
12.59166667
12.50833333
12.535
12.83333333
13.22166667
13.61333333
14.21833333
14.74666667
15.24999983
15.56999967
15.55499967
15.568333
15.53166633
15.17666633
15.15833333
15.10166667
15.08
15.05666667
14.93333333
15.35333333
15.04333317
14.90833333
14.92666667
14.75166667
14.48666667
14.01166667
13.82
13.44666667
13.105
12.84166667
12.61333333
12.44833333
12.30333333
12.16666667
11.90833333
11.77833333
11.64333333
11.38
11.16833333
10.93833333
11.03666667
11.165
11.37166667
11.47833333
11.48666667
11.60666667
11.55333333
11.60166667
11.62666667
11.70166667
11.77833333
11.69666667
11.52333333
11.28166667
11.02666667
10.975
10.92833333
10.87833333
10.84666667
10.77
10.91833333
10.91333333
10.98333333
11.19333333
11.335
11.51833333
11.475
11.41666667
11.33666667
11.135
11.10166667
11.07333333
11.06
11.21166667
11.39833333
11.585
12.18833333
12.64333333
12.99
13.15
13.17833333
13.17666667
12.815
12.65166667
12.49333333
12.55333333
12.64333333
12.82166667
13.02166667
13.00166667
13.12833333
13.06833333
13.13333333
13.00166667
12.78833333
12.56333333
12.37833333
12.30166667
12.05666667
11.99333333
11.85166667
11.87
11.925
11.78
11.75333333
11.76833333
11.98166667
12.16
12.15666667
12.34666667
12.36833333
12.27
11.93666667
11.71833333
11.66166667
11.56833333
11.55833333
11.6
11.67833333
11.64833333
11.51666667
11.40666667
11.37166667
11.26
11.32
11.35666667
11.42
11.36666667
11.29166667
11.375
11.49
11.62333333
11.86166667
12.13166667
12.34
12.52833333
12.385
12.24
12.01333333
11.81833333
11.71333333
11.575
11.635
11.72166667
11.71333333
11.87166667
11.91166667
11.95166667
11.96833333
11.93166667
12
11.90833333
11.87333333
11.95666667
12.345
12.67
12.895
13.60666667
14.475
15.25666667
15.84499983
16.6266665
17.295
17.16833333
16.71333333
16.96
16.746667
16.12333367
15.61666683
15.8083335
16.32166683
16.17833333
16.4966665
17.09666667
18.20333317
19.39666633
20.08333283
19.76666633
19.583333
19.5349995
18.82333317
17.44166667
16.51166683
16.51000017
16.2383335
16.00000017
15.85
15.435
14.96833333
14.495
14.25
13.79166667
13.48833333
13.65333333
13.66333333
13.90333333
14.51000017
15.24333333
16.0216665
16.6416665
17.04333317
17.32999967
17.2649995
16.753333
16.1216665
15.6016665
15.49999983
15.18666667
14.77833333
14.79
14.705
14.67833333
14.57833333
14.72833333
14.775
14.8
14.82
14.79333333
14.78
14.47833333
14.00833333
13.515
13.045
12.69833333
12.35333333
12.18333333
12.18166667
12.19333333
12.28333333
12.29333333
12.29833333
12.28333333
12.21
12.26333333
12.52333333
12.79
12.94666667
13.06
13.05333333
12.81166667
12.44666667
12.09333333
11.86333333
11.695
11.60666667
11.785
11.95833333
12.01833333
11.97666667
11.91
11.965
11.92
11.91666667
11.93666667
11.99166667
12.05833333
12.03166667
11.98166667
11.80666667
11.70333333
11.575
11.37
11.29166667
11.3
11.27
11.15
11.07333333
11.12833333
11.07666667
10.89833333
10.76833333
10.75166667
10.84666667
10.85
10.97166667
11.09833333
11.19833333
11.25833333
11.24
11.18166667
11.09833333
10.99333333
10.94333333
10.83333333
10.70333333
10.605
10.445
10.30833333
10.14833333
10.08833333
10.15833333
10.515
10.77666667
10.92
11.08833333
11.34166667
11.425
11.25333333
11.205
11.51166667
11.705
11.54666667
11.45
11.26833333
11.04166667
10.605
10.36
10.29166667
10.22666667
10.285
10.51666667
10.71833333
10.725
10.84
11.05666667
11.30833333
11.33333333
11.48
11.70666667
11.86
11.845
11.65
11.42333333
11.19
10.955
10.77833333
10.6
10.58333333
10.615
10.47333333
10.57833333
10.625
10.8
10.83166667
10.845
10.915
10.725
10.62833333
10.495
10.38833333
10.39166667
10.52333333
10.77833333
10.74333333
10.67333333
10.65666667
10.58666667
10.44333333
10.20833333
10.18166667
10.24
10.395
11.7766665
12.63999983
13.5766665
14.98166667
16.48999983
17.2916665
16.78
16.59166667
16.30333333
15.53333317
15.28333317
15.5016665
15.69999983
16.11666667
16.2
16.08
15.09000017
14.36666683
13.78666683
13.18166667
12.99666667
13.28166667
13.77333333
14.05833333
14.32166667
14.37166667
14.33166667
14.04
13.70666667
13.38
13.20666667
13.08166667
12.90833333
12.7
12.53333333
12.49
12.33166667
12.225
12.365
12.555
12.73333333
12.795
12.78
13.13833333
13.21666667
13.21
13.19
13.21
13.32666667
13.15833333
13.05333333
13.14
13.11666667
13.29166667
13.435
13.48333333
13.58833333
13.44833333
13.50666667
13.35666667
13.22833333
13.325
13.29666667
13.425
13.34666667
13.345
13.26833333
13.13666667
13.185
13.40833333
14.11333317
14.4116665
14.73333317
15.2966665
15.47999983
15.27499983
14.755
14.51833333
14.20833333
13.875
13.78833333
14.14
14.59166667
15.50333317
15.94999983
16.09499983
16.4316665
16.37333317
16.08499983
15.51666667
15.38166667
15.31833333
15.54166667
15.74833317
15.8516665
15.7966665
15.9416665
16.01999983
15.75833317
15.52333333
15.7583335
16.035
16.52833317
16.93999983
17.72999983
19.21999983
19.87333317
20.99166667
21.84500017
22.365
23.10166667
22.89666683
23.0116665
22.66666667
23.135
24.315
24.55
25.33999983
26.85833333
28.4216665
29.0066665
28.67833333
28.45833333
27.65999983
26.31833333
24.63333317
23.42166633
23.41666617
23.176666
23.53833267
23.664999
24.00833267
24.31833283
23.933333
24.3366665
24.72333317
25.03833333
25.40166633
25.43166633
25.58666633
25.628333
24.4566665
23.58333333
22.831667
21.871667
20.94666717
19.63333383
19.18000033
18.67500017
18.26666667
18.07333333
17.9266665
17.95999967
18.095
18.08
17.98999983
17.70333333
17.4
17.41333333
17.29499983
17.68499983
18.11166667
18.515
18.82
19.5
20.1516665
20.34499983
20.47499967
20.91333283
21.08999933
20.57499967
20.47999983
20.16666667
20.56833333
20.875
21.66666667
21.91999967
22.823333
24.0949995
24.97666633
26.323333
26.28833317
27.04666683
27.30833333
27.19666667
26.78166667
25.7466665
26.20333317
26.14833317
26.29
26.42166683
26.10500033
25.95333367
25.29166717
24.95833383
24.10500067
23.48000067
22.95500033
22.4350005
22.08000033
22.07666683
21.8566665
21.86166617
22.24666633
22.858333
23.1749995
22.85666617
22.54166633
21.85999967
21.08166633
20.10499967
19.70833317
19.5516665
19.8716665
20.655
21.30333333
22.1833335
22.771667
23.55333367
23.82333383
23.87000067
24.068334
23.8950005
23.82000033
23.64500017
24.36833317
24.98999967
26.21166633
27.23166633
27.9716665
28.755
28.641667
28.66500033
28.1000005
27.63000067
27.00333383
26.48833383
26.56500033
26.84000017
26.84666667
27.14833317
27.74499983
27.8016665
27.24166633
26.67
26.23
25.82666667
25.29333333
25.09166683
24.95500017
24.53666683
24.01666683
23.53333367
23.38833383
23.6250005
23.99500083
24.41000067
24.86000067
25.67000033
26.33000017
26.80333317
26.8166665
27.09999967
27.54833317
28.15
28.941667
28.343334
28.92333383
28.82333417
28.563334
27.65666717
26.63000017
26.64499983
25.95666633
25.788333
25.27999967
24.89833317
24.41999967
23.84833333
23.30000017
22.7583335
22.78
22.53833333
22.58
22.80833317
22.86833333
22.56333333
22.156667
21.8483335
21.35500033
20.86333383
20.44333367
20.365
20.23499983
20.15333317
20.10999983
20.0966665
19.86666633
19.55333317
19.43833317
19.19999983
19.11499983
18.883333
18.9716665
18.90666667
18.75333333
18.66166683
18.09
17.6016665
17.2016665
17.16666633
17.268333
17.33333283
17.8749995
18.40333283
18.74666617
18.83999933
18.71333267
19.0099995
19.12499967
19.318333
19.2449995
20.14833283
21.02999967
21.588333
22.23499983
22.65666667
23.08833333
22.65333367
22.32166667
22.165
21.7416665
21.665
21.90166667
22.1466665
22.14833317
22.42999983
22.74
22.92
23.0883335
23.67166683
24.27833383
24.58666733
24.53833383
24.751667
25.07500033
25.336667
25.9533335
26.4133335
26.7383335
26.70166683
26.445
25.70499983
24.48833317
23.28333283
23.00666633
22.65666633
22.6866665
22.51666683
22.52166667
22.79333367
22.6483335
22.74500017
22.23
21.92999983
21.92
21.53999983
21.13166667
20.745
20.81333333
20.83166667
20.57
20.62333333
20.81666667
20.69166667
20.4033335
20.14833333
20.37999983
20.29833317
20.04499967
19.87999967
20.018333
20.54833317
20.625
21.21500017
21.765
22.29999983
23.103333
23.52499967
24.01833283
24.28999933
25.72999967
27.00666633
28.79833333
30.228333
31.50833317
32.87333283
33.54333283
34.35833283
33.791666
34.065
36.50666683
37.43000033
38.111667
39.79000017
41.84333333
44.72833283
45.88833267
48.911666
52.92999883
57.04499867
58.68666583
59.1999995
61.7949995
63.47499983
64.54333383
61.7133345
61.400001
63.82000117
63.578335
65.49833433
67.12000033
69.45166667
72.25999967
71.13499967
69.81666567
65.5749995
60.1866665
58.12000017
57.07333367
55.93999967
55.95499983
57.248333
60.3699995
61.248333
61.686666
63.86166667
65.13833317
67.27500033
69.67500067
71.815
71.5466665
70.1716665
68.05166633
64.8883325
62.82999933
61.21499967
60.551667
61.00833317
61.8433335
62.378334
60.77833367
59.57000033
58.74666667
57.18666667
56.658333
55.6383325
54.12666583
52.7283325
50.91999933
49.29999967
47.34333333
45.98333333
44.90666683
44.33333383
43.783334
43.02333383
42.051667
41.1966675
40.39333417
40.30833367
40.46333367
40.93333367
42.04166717
42.74000017
44.50333317
45.77166667
46.36333333
48.66833367
48.765
49.43500017
49.12333367
48.2383335
47.595
44.763333
44.13166683
43.72333333
43.43166667
42.99333367
43.26
43.93833333
44.06166633
43.86166617
44.0533325
44.29833217
43.86499917
43.73166583
44.61333267
45.416666
45.485
46.28
48.17499983
48.60166683
47.9366665
47.30333333
47.181666
47.73999983
47.45833333
47.80333317
48.71999983
49.4983335
50.05333383
48.67333333
47.4533335
46.39
45.08833383
44.15666717
42.676667
41.958334
41.9700005
42.75500033
42.90000017
42.76499983
43.00666667
43.05666667
42.61666683
42.55833383
42.71000033
42.60166683
42.566667
42.456667
42.4383335
41.57999983
40.698333
39.73999967
39.03499967
38.69666583
37.90333217
37.13666583
36.31833267
36.7599995
36.6483325
36.71999917
36.88333317
37.05499967
37.78499983
37.58
37.40333383
37.1366675
36.82833367
36.44666683
35.62000033
34.70333367
34.26333317
33.52166633
33.11666633
32.66166633
32.70999983
32.52999983
32.4766665
32.175
31.49666667
31.03500033
30.65166667
30.86166667
30.44500033
30.79833383
31.27666733
31.25833383
31.04000067
30.54000033
30.60666683
30.24333333
29.90166683
30.0433335
29.74833333
29.55333333
29.0683335
28.73000017
28.92833317
29.41333317
29.95833333
30.22000033
30.20000017
30.7033335
30.66500033
30.06000017
29.19666683
28.51333333
28.07333333
27.27
26.54333317
26.36000017
26.8
27.62
28.6116665
29.18333333
29.65000017
29.3766665
28.71333317
27.88666633
26.9066665
25.99999967
25.22999967
24.82333333
24.56499983
24.155
23.76666667
23.75666683
23.8583335
24.1483335
24.47000033
24.88500033
25.29666683
25.39833317
25.37999983
25.38999967
25.283333
25.128333
25.19999983
25.2933335
25.26166667
25.02833333
25.54999983
25.74833317
25.79333317
25.733333
25.78333317
25.928333
25.43333317
25.22833333
24.965
24.91
25.07666667
25.74500017
26.4083335
26.76666667
26.86333333
27.00666683
26.72500017
25.79166667
25
24.46000017
24.1533335
23.83166683
23.72000017
23.781667
23.76666683
23.63666667
23.64833333
23.85833333
24.18500017
24.345
24.53333367
24.9550005
25.75166717
26.37333367
26.5783335
26.7150005
26.63000033
26.39166683
25.53333367
24.58833367
23.946667
23.47333367
22.98000017
22.52166683
22.25
21.89833333
21.76999983
21.40833317
21.5
21.97999983
22.5366665
23.70499983
24.12833333
25.795
27.04666683
27.79666683
28.27833333
27.865
27.77000017
26.51333333
25.3566665
24.39500017
23.81500033
23.4700005
23.2533335
23.13000017
22.92833333
22.85999967
22.51833317
22.15166633
21.748333
21.42666633
21.94499983
22.25833333
22.21333317
22.20666667
22.53833333
22.66666667
22.22666667
22.09000017
22.2133335
22.41333333
22.2683335
22.25166683
22.15000017
21.62500017
21.60000017
21.4933335
21.31000017
21.041667
20.74500017
20.5666665
20.1366665
19.85833317
19.76999967
20.12666617
20.1816665
20.16166667
20.03333333
19.87499983
19.56999983
18.88166633
18.58333283
18.33333283
18.07833267
17.88666617
17.79499967
17.98333317
18.65333317
20.22999967
21.5266665
22.633333
23.5599995
24.40166617
24.793333
24.0066665
23.3516665
22.86
23.35000017
23.746667
24.06166683
24.63000017
25.2833335
25.67666667
25.11833333
24.47499983
23.67666633
22.78166617
21.8849995
21.21499983
20.98833333
20.65833333
20.3883335
20.20000033
20.07333367
19.92666667
19.50333317
19.24499967
18.798333
18.51333317
18.28999983
18.20833333
18.07999983
17.89
17.98666667
17.97
17.80166667
17.47666683
17.29500017
17.176667
16.901667
16.87833333
17.12666667
17.31833317
17.42166667
17.46499967
17.67166633
17.658333
17.428333
17.17166633
17.00999983
16.90166667
16.65999983
16.345
16.2083335
16.10166683
15.98
16.2933335
16.49333367
16.51833367
16.5383335
16.685
16.80666683
16.65833317
17.56999967
18.46166633
18.81499983
19.74499983
20.33999983
21.40166667
21.75166683
23.705
27.45666667
28.5883335
29.94333333
30.22333333
30.51833333
30.2583335
28.57333333
29.35833317
30.52499983
33.90333333
36.13999967
37.31999967
37.94833317
38.19333333
37.25333333
34.9666665
34.206667
32.84833367
31.99
32.06666667
33.215
33.48666683
33.185
33.25166667
33.14000033
31.99000033
30.20666717
28.91000033
27.4633335
26.36000033
25.70833333
25.45333317
25.62666633
26.263333
26.84333333
27.68499983
29.22666683
30.4750005
31.46666733
31.53000083
31.71666733
31.35666733
29.95333367
28.36000017
26.955
26.028333
25.2349995
24.951666
25.04166617
25.206666
25.12333267
25.30333267
25.25999933
24.981666
24.39499933
23.93166633
23.98499967
23.733333
23.54499983
23.30166667
23.28499983
23.12166617
22.76333283
22.36499967
22.13833283
22.198333
22.658333
23.24499983
23.93499983
24.6616665
25.02666667
25.3966665
25.57166683
25.53166683
25.43500017
25.66166667
26.05666683
26.52000033
26.18833367
26.47500017
26.54
25.945
25.36
24.34999967
24.241666
23.58166617
23.04166617
22.72499967
22.39499933
22.436666
22.15333283
21.89833267
21.7649995
21.68333283
21.873333
22.0316665
22.32666667
22.325
22.4133335
22.59666683
22.74666683
22.94500033
22.71666683
23.0200005
22.89000033
22.70500033
22.4233335
21.92499983
21.33499967
20.56833283
20.1199995
19.851666
19.42999967
19.15999983
19.43833317
19.58166667
19.615
19.431667
19.5683335
19.75666667
19.77
19.95166633
20.27333317
20.78166633
21.068333
20.958333
20.59333317
20.15666667
19.67166667
19.21333333
18.6966665
18.54333317
18.89166667
19.21500017
19.93
20.37666667
20.4233335
20.32333383
19.9500005
20.02166683
19.51833333
19.59499983
20.05833333
20.975
21.47333333
21.26666667
21.0083335
20.30833367
19.7183335
18.75166667
18.0666665
17.77000017
17.69333333
17.62500017
17.616667
17.5583335
17.36833367
17.1683335
16.991667
16.63166683
16.3866665
16.43333333
16.66833317
16.81333333
16.985
17.36833333
17.55833367
17.51000017
17.42666683
17.44666667
17.38333317
17.34833333
17.228333
17.03833317
16.933333
16.60999967
16.39833317
16.3599995
16.543333
16.9149995
17.12499967
17.47999967
17.60833283
17.41499967
17.7566665
17.9333335
17.93
17.8816665
17.89000017
17.8533335
17.22666683
16.60666667
16.3133335
16.111667
15.94500017
15.9483335
15.9633335
16.115
16.235
16.29166667
17.14333317
18.173333
18.99833283
19.4149995
19.70833283
20.47166617
20.45499983
19.86666667
19.48999983
19.73
19.975
19.84333317
20.0399995
20.28666617
20.63166617
21.24166617
22.83833283
23.86333317
24.29000017
24.37833367
24.22500033
23.366667
21.466667
20.05666683
19.2233335
18.815
18.39833333
18.16
18.06
17.99166667
17.6266665
17.4166665
17.31666683
17.33833367
17.20333367
17.13500033
17.08000033
16.97500033
16.67666683
16.52499983
16.39833317
16.0616665
15.68999983
15.6066665
15.6566665
15.38833333
15.18666667
15.13333333
15.35
15.50500017
15.7483335
16.22333367
16.85333367
17.25500033
17.241667
17.28333367
17.10833383
16.92000033
16.89333367
16.9583335
17.01166683
16.77333333
17.0066665
17.2066665
17.1366665
17.05666667
17.03333333
17.11
16.78
16.78499983
16.82999983
16.97666667
17.37666667
17.725
18.28166683
18.19333367
18.32166717
18.59833383
18.5600005
19.10166717
19.75833367
20.43833367
20.62666683
20.50166683
20.54500017
20.206667
19.93500033
19.72000017
19.5833335
19.31833333
18.985
18.41499983
17.57499967
16.8716665
16.33499983
16.11499983
16.42666633
17.09333317
17.735
18.47833317
19.075
19.9083335
20.04500017
19.915
19.52333317
18.97666667
18.9466665
18.82666633
19.45499983
20.22999983
21.51166667
22.535
23.44166683
23.96666667
25.41333333
26.79
30.58166667
32.48166683
35.51500033
38.11833383
38.90166733
38.88000083
36.3550005
35.77500033
35.72166633
36.39666617
37.40999917
38.14333233
38.65166633
40.01499933
38.83499967
37.03999967
35.448333
34.67333317
33.99333283
33.0199995
33.2549995
33.43833317
33.67666667
34.8266665
35.95499983
36.4533335
36.05333317
35.81833283
35.26166617
34.29666617
33.34166633
33.40999967
34.53499967
36.0816665
37.4216665
38.25166633
39.6216665
39.87499983
40.14333333
40.8433335
41.1433335
41.1600005
40.3583335
39.91833367
38.26166717
36.16333383
34.5700005
33.3850005
32.04666717
31.5783335
31.335
31.598333
32.1849995
32.28833267
32.45833267
32.263333
31.98
30.48333333
28.77500033
28.5483335
29.46666683
29.55333367
29.66000017
30.44333367
31.33000017
30.916667
31.14833367
31.16000017
31.08333367
31.24500017
31.47333333
32.478333
32.20333267
32.0683325
32.54666567
32.68666567
33.14666583
33.30666633
32.91000017
32.68333333
31.8316665
31.07166667
29.995
28.88999983
28.22333283
27.89499967
28.35999983
28.188333
27.87999967
27.47499967
27.12666667
26.5333335
25.48333367
25.2400005
24.831667
24.16833367
23.35500017
22.625
22.22833317
21.99499983
21.9
22.22833333
22.52999983
22.778333
22.70666633
22.2249995
21.96166617
21.50999967
21.18999967
20.898333
20.803333
21.065
21.03499983
20.89833317
20.43666683
20.136667
19.80333367
19.155
18.7683335
18.54500017
18.73166667
18.86000017
18.8
18.74500017
18.50000017
18.37166667
18.08
17.8666665
17.87999983
18.34833333
18.67166683
18.96833367
19.55000017
19.72666667
19.58500033
19.151667
19.01000033
18.55333333
17.915
17.74333367
17.77333333
17.81333317
17.658333
17.74
17.86333333
18.31
18.49500017
18.41500033
18.3900005
18.11500033
17.57333383
16.646667
16.03833367
15.4583335
15.11333333
15.10333333
15.15833333
15.20166667
15.10166667
15.06666667
15.15833333
15.14
15.19833333
15.18666667
15.32333333
15.55666667
15.6983335
15.90333367
16.4583335
17.27333333
18.00333333
18.26000017
18.77833317
19.25333283
19.1949995
18.90333283
18.62666633
18.66666633
18.56999967
18.32833317
18.055
17.65500017
17.315
17.2666665
16.87166667
16.66833317
16.79166633
17.278333
17.71499983
18.03166633
18.61166633
18.9366665
19.32499983
19.77666667
20.28166633
20.81833317
21.55333317
22.59833317
22.95166667
23.05333317
23.11333333
22.99166683
22.53666683
21.85833367
22.2133335
22.47666667
23.19833333
23.96166667
24.44833333
24.6366665
24.23333317
23.76166667
23.24499983
22.573333
22.50499967
22.42499967
22.32333333
21.83833333
20.975
20.16666667
19.46833333
18.8733335
18.7516665
18.98499967
19.16333333
19.57499983
19.07499983
18.85666617
18.23666633
17.8666665
17.47499967
17.1866665
17.45999967
17.65166667
17.93
17.80333333
17.80500017
17.55500017
17.12833367
16.71166683
16.3683335
16.681667
17.24166667
17.71833333
17.94666683
18.15500033
18.44833383
18.50000033
18.24833367
17.95333367
17.6383335
17.51333333
17.17333317
16.5716665
15.95833333
15.48666667
15.16333333
14.98
14.75333333
14.58166667
14.27666667
14.15666667
14.37666667
14.42
14.64166667
14.79
15.27333333
15.685
16.02499983
16.47833317
16.72999967
17.19666633
17.428333
17.27999967
16.83333317
16.575
16.3983335
16.03500017
15.42000017
15.2383335
15.2733335
14.92333333
14.50166667
14.21333333
14.20166667
14.14166667
14.28166667
14.71999983
14.87999983
15.1566665
15.5466665
15.8066665
15.8066665
15.43
15.345
15.24166667
15.25000017
15.346667
15.37333367
15.6383335
15.79500017
15.8133335
15.59666667
15.3866665
15.63166633
15.71166667
16.305
16.82333333
17.33166683
17.795
18.05166683
18.0633335
17.85666683
17.87166683
17.78166667
17.9933335
17.97500017
18.29500017
18.1433335
17.8483335
17.90500017
17.7233335
17.37666683
16.815
16.54833333
16.325
15.86166667
15.44666667
15.365
15.41
15.40666667
15.5
15.74999983
16.02
16.10999983
16.28833317
16.42833317
16.458333
16.27999983
16.08499967
16.10166633
16.17166633
16.24499967
16.16499983
16.46333333
16.75
16.9633335
17.1033335
17.62666683
18.27666667
19.16999967
19.228333
18.70166633
18.15499967
17.213333
16.2666665
14.75
14.04833333
13.85
13.65
13.59833333
13.55833333
13.525
13.485
13.31333333
13.15833333
12.98166667
12.83833333
12.75
12.75
12.89166667
13.20666667
13.51
13.545
13.84166667
13.86666667
13.88333333
13.74666667
13.53666667
13.54333333
13.205
13.08166667
12.95666667
12.78333333
12.665
12.955
13.385
13.58333333
14.63833333
15.3733335
15.77666683
15.91500017
15.9383335
15.91166683
14.9933335
14.43666667
14.15833333
13.67166667
13.03833333
12.74833333
12.47333333
12.10166667
11.80833333
11.93666667
12.40833333
12.475
12.835
13.21333333
13.62
13.52166667
13.315
13.32
13.25166667
13.12
13.19833333
13.385
13.51333333
13.595
13.47166667
13.40166667
13.07333333
12.76833333
13.32666667
13.455
14.06666667
14.93333317
15.38833317
15.7766665
15.14499983
15.0866665
14.60499983
13.94666667
13.73666667
13.59166667
13.76
13.75666667
13.62833333
13.47
13.32333333
13.18
12.95333333
12.78666667
12.73666667
12.755
12.75166667
12.82
12.70666667
12.77833333
12.915
13.09
13.3
13.45333333
13.79166667
14.09333333
14.28666667
14.69999983
15.06833333
15.44833333
15.95166667
16.2516665
16.35333317
16.21
16.3416665
16.72833317
16.5466665
16.63333333
16.90999983
17.105
17.03333317
17.34999983
17.76499983
18.25833333
18.53666667
18.63666633
18.67333333
18.0683335
17.646667
17.03500033
16.65666733
16.27000083
15.923334
15.5050005
15.14500033
14.74000017
14.34666667
14.16333333
14.10333333
14.00833333
13.935
13.69
13.43166667
13.24333333
13.03666667
12.90166667
12.72666667
12.86833333
13.05166667
13.18333333
13.14333333
12.97833333
12.83166667
12.72
12.65166667
12.53166667
12.61
12.74833333
12.82666667
12.88
13.17166667
13.445
13.72666667
14.07666667
14.68166667
14.96833333
14.84333333
14.94666667
15.225
15.48833333
15.63333317
16.00833317
16.44666667
16.595
16.42833333
16.32166667
16.12500017
15.71166683
15.24666667
14.98166667
14.71333333
14.46833333
14.285
14.12833333
14.01833333
13.82333333
13.84833333
13.79833333
13.71166667
13.79
14.17333333
14.75333333
14.95833333
15.37833333
15.98833333
16.435
17.09333333
17.71666667
18.39333333
18.37333333
18.04833333
17.93666667
17.81166667
16.87333333
15.85333333
15.28
14.85333333
14.39666667
13.52333333
13.27166667
13.20666667
13.25166667
13.29333333
13.34666667
13.40166667
13.415
13.38833333
13.38166667
13.25833333
13.30166667
13.16
13.035
13.01666667
12.89166667
12.84166667
12.555
12.58833333
12.73166667
12.82833333
12.85166667
12.83333333
12.93333333
12.885
12.81666667
12.86666667
13.12833333
13.51
13.82833333
14.20666667
14.34166667
14.30666667
14.25333333
14.39833333
14.53833333
14.65166667
15.02500017
15.47833333
15.46
15.24833333
14.95666667
14.50333333
13.9116665
13.265
13.04166667
12.94333333
12.93166667
13.13
13.34333333
13.54666667
13.62333333
13.50833333
13.37
13.02166667
12.94166667
12.73
12.62333333
12.56666667
12.49166667
12.61333333
12.54
12.78833333
13.76499983
14.57999983
15.13999983
15.8866665
16.62833333
17.40166667
17.951667
18.23333383
18.92500067
18.90500067
18.57166717
18.04666717
16.891667
16.09000017
15.12166667
14.51166667
14.275
14.315
14.36166667
14.425
14.44
14.45666667
14.53666667
14.29333333
14.16166667
14.38166667
14.36
14.39666667
14.37333333
14.385
14.41833333
14.21833333
14.28
14.66833317
15.26999983
15.52499983
15.57833317
15.6316665
15.63999983
15.43666667
14.98166667
14.71166667
14.78
14.69666667
14.67833333
14.49166667
14.16
14.005
13.745
13.635
13.82833333
13.99666667
14.11666667
14.58333333
15.1933335
15.551667
15.55833367
15.44000033
15.36333367
14.92333367
14.2833335
13.81
13.42833333
13.40833333
13.51
13.58666667
13.62333333
13.62
13.55166667
13.42333333
13.395
13.34333333
13.34666667
13.29166667
13.17833333
12.985
12.71333333
12.675
12.51
12.42666667
12.54833333
12.51166667
12.48833333
12.18666667
12.03166667
11.90833333
11.67666667
11.59166667
11.51666667
11.60166667
11.69666667
11.69666667
11.55666667
11.515
11.41666667
11.37166667
11.45166667
11.535
11.855
12.00666667
11.94333333
11.78
11.495
11.295
11.20833333
11.13
11.3
11.40666667
11.52666667
11.555
11.33666667
11.125
11.075
11.195
11.20833333
11.44833333
11.65833333
11.90833333
12.01333333
11.85
12.33166667
12.24333333
12.365
12.435
12.36166667
12.50166667
12.19333333
12.27666667
12.355
12.53666667
13.44166683
14.306667
14.711667
15.4300005
15.94500067
16.50000067
16.30333383
15.836667
15.671667
15.01000017
14.35166667
13.76666667
13.19166667
12.855
12.46333333
12.27333333
12.115
11.87333333
11.75833333
11.68666667
11.73166667
11.78666667
11.91666667
12.02666667
12.195
12.24666667
12.34833333
12.58333333
12.68833333
12.76166667
12.87333333
13.21166667
13.22333333
13.08166667
12.94
12.825
12.88833333
13.02333333
13.11333333
13.61166667
14.08166667
14.72666667
15.16333317
15.45999967
15.94166633
15.75999967
15.86166633
16.06499983
15.865
16.20666683
17.0533335
18.735
19.95666683
21.30166667
22.9833335
23.52166683
23.07666683
21.65000033
20.83000033
19.37333383
17.85833383
16.86666733
16.17000067
16.01500067
15.45666717
15.04000033
14.81000017
14.61833333
14.58166667
14.335
14.10166667
13.875
13.57333333
13.26166667
13.19833333
13.13833333
13.28333333
13.48166667
13.655
13.74833333
13.6
13.485
13.195
12.89666667
12.79166667
12.88833333
12.88
12.86
12.88166667
12.85166667
12.99833333
13.19666667
14.1433335
15.40666683
16.85666683
18.2783335
19.8383335
20.52000033
20.23333333
19.635
18.66333333
17.72666667
16.19333333
15.36999983
15.07833333
14.98333333
15.64166683
16.14000033
17.06500033
18.16833383
18.876667
19.05833367
18.78333333
19.08499983
19.19166633
19.25166617
19.7649995
20.42166633
20.81166633
20.68666633
19.99333317
19.18999983
18.045
17.423333
17.515
17.5
18.2616665
18.72333317
19.02499983
19.21
18.6116665
18.36666667
17.96333333
17.59666667
17.53499983
17.0366665
16.6766665
16.428333
15.9116665
15.58833317
15.145
15.015
14.84833333
14.52166667
14.265
13.94
13.73
13.61333333
13.70333333
13.73666667
13.95166667
14.23833333
14.84666683
15.34833367
15.546667
15.87333367
15.941667
16.041667
15.5883335
15.12166667
14.72166667
14.29
13.95833333
13.92166667
14.22666667
14.39333333
14.64166667
14.955
15.20333333
15.075
14.89833333
14.85
14.76166667
14.395
13.97333333
13.85166667
13.67333333
13.35
13.12
13.25333333
13.37333333
13.25833333
13.09833333
13.03833333
12.98666667
12.85833333
12.71
12.73333333
13.04
13.07666667
13.17
13.36833333
13.825
14.115
13.83333333
14.025
14.19333333
14.10166667
13.7
13.24166667
13.22
13.05333333
12.89
12.615
12.51333333
12.79333333
12.88333333
12.96
13.12
13.43
13.78166667
13.715
13.955
14.105
14.34666667
14.43
14.26
14.125
13.97
14.16666667
14.08666667
14.09166667
14.08666667
14.27166667
14.09833333
13.55166667
13.29333333
13.21166667
13.35
14.165
15.08
15.74333333
16.33166683
16.83166683
17.17666683
17.31166683
17.60166667
17.725
17.24333317
16.6366665
16.15999983
14.9016665
13.565
12.80166667
12.52166667
12.31333333
12.215
12.48666667
13.095
13.29333333
13.34
13.34166667
13.255
13.05833333
12.625
12.47
12.68166667
12.89166667
12.91
13.10166667
13.20333333
13.36666667
13.21
13.14833333
13.40833333
13.665
14.5866665
17.01
21.661667
25.49500033
28.25000033
30.05833367
31.21000033
31.27666683
29.71999983
28.06499983
27.28
27.56333317
27.37166667
27.005
25.8333335
25.351667
25.12500017
24.24833383
23.65666717
22.80833367
22.46000033
21.95
21.6483335
21.57999983
21.933333
22.34666667
23.238333
24.35333317
24.69666633
24.76666633
24.345
23.665
22.2933335
20.8883335
19.7083335
18.796667
18.00166683
17.69
17.46166683
17.07
16.675
16.325
16.255
16.0933335
15.49666667
15.23166683
15.27166683
15.34666683
15.11000017
14.76166667
14.865
14.81333333
14.68833333
14.70166667
14.82166667
14.775
15.01666667
15.20666667
15.45999983
15.93666667
16.775
17.41333333
17.8
18.06
18.21500017
17.73166667
16.98833333
16.61666667
16.00833333
15.72
15.5766665
15.44333317
15.4916665
15.855
15.79166667
15.91166667
16.15666683
16.98000033
17.551667
18.59833333
19.91833333
20.77000017
20.81333367
20.701667
20.92833383
19.98000083
18.95833417
18.06166733
17.70833383
17.37000033
16.60000017
16.36500017
16.63333333
17.4883335
18.0883335
18.70166683
20.18666683
21.80666667
22.82166667
23.11666633
24.09666617
24.65666633
24.99499967
24.8349995
25.383333
26.08666667
25.60666683
25.64
24.88666667
24.396667
23.53500033
22.45333367
22.06000033
21.69833367
21.556667
21.34500017
21.505
22.4716665
23.565
24.2833335
25.365
25.95833333
26.08000033
25.46500017
24.64833317
23.68833317
22.22833317
21.4916665
20.92666617
20.39333317
20.08833317
20.09166617
19.8116665
19.16333317
18.4933335
18.1183335
17.70833367
17.3950005
17.501667
17.66166683
17.62833333
17.63833317
17.55333317
16.93999983
16.28999983
15.61833333
15.16666667
14.70833333
14.39166667
14.35
14.48333333
14.45
14.41166667
14.375
14.06833333
13.965
13.995
14.04
14.47333333
14.70833333
15.235
15.35666667
15.09333333
15.03166667
14.60833333
14.27333333
13.77
13.50833333
13.52666667
13.44333333
13.52
13.62166667
13.71
14.03333333
14.325
14.56833333
14.82166667
15.16999983
15.5266665
15.44333317
15.25499983
15.07999983
14.92833317
14.655
14.51
14.50333333
14.67
15.05666667
15.33
15.46166667
15.59166667
15.54833333
15.27
14.85
14.315
14.14666667
13.87666667
13.745
13.67333333
13.71
13.865
13.84666667
13.92
14.48666683
15.73666667
16.87833333
17.89333317
18.775
19.57
19.79333333
19.3783335
19.49000017
19.00833367
20.0733335
20.8133335
20.87666667
20.56999983
19.6466665
19.23333317
17.5366665
16.05499983
15.38999983
14.81666667
14.46833333
14.265
13.84166667
13.485
13.13666667
13.01
12.74833333
12.45166667
12.40166667
12.26833333
12.30166667
12.40333333
12.54666667
12.705
12.56
12.63
12.71333333
12.68166667
12.61333333
12.39166667
12.33
12.2
11.98
11.78333333
11.63833333
11.70833333
11.89833333
11.98666667
11.88333333
11.82666667
11.94666667
12.04166667
12.17666667
12.41666667
12.78666667
13.05333333
13.195
13.36833333
13.37333333
13.09833333
12.82666667
12.66
12.55833333
13.23833333
13.51833333
14.49666667
15.5166665
16.243333
16.71999967
16.39166633
16.518333
15.75999967
14.73999983
14.07166667
13.92666667
13.52166667
12.93333333
13.05333333
13.265
13.47833333
13.33333333
13.315
13.39
13.3
13.315
13.61333333
13.99333333
14.61000017
15.156667
15.61166683
15.9283335
15.77000017
15.41000017
14.85166667
14.33499983
13.87666667
13.70333333
13.86166667
14.2683335
14.88833333
15.8116665
16.78833317
18.09499983
19.2866665
19.70666617
19.98666633
19.28999983
18.5266665
17.20833317
15.86999983
14.98
14.14333333
13.97166667
13.65666667
13.365
13.02
12.86333333
12.63333333
12.6
12.60833333
12.76
13.03666667
13.31833333
13.285
13.05833333
12.945
12.83
12.44333333
12.19666667
12.29333333
12.52666667
12.62166667
12.54833333
12.54166667
12.34333333
12.10166667
11.80833333
11.58333333
11.54833333
11.755
12.075
12.53666667
12.77333333
12.84166667
12.78833333
12.51666667
12.215
11.79
11.525
11.47333333
11.4
11.49166667
11.645
11.86
11.90666667
11.945
11.91833333
11.74166667
11.43333333
11.06666667
11.12333333
11.16
11.28333333
11.47
11.52666667
11.65833333
11.56
11.47
11.315
11.135
11.15166667
11.04666667
11.16
11.21166667
11.31333333
11.43333333
11.545
11.70666667
11.62333333
11.67833333
11.91666667
12.07833333
12.09
11.965
11.92666667
11.82
11.64333333
11.60333333
11.57833333
11.64333333
11.82
11.85
11.74166667
11.57166667
11.51833333
11.705
11.79
12.03833333
12.33
12.53333333
12.565
12.39
12.17833333
12.05333333
11.95666667
11.83833333
12.065
12.22666667
12.44833333
12.72833333
13.17666667
13.84
14.35166667
14.73
14.98833333
15.135
14.98166667
14.79166667
13.93833333
13.28833333
12.69333333
11.93166667
11.37666667
10.62333333
10.58166667
10.56833333
10.50333333
10.53833333
10.36333333
10.33833333
10.275
10.26166667
10.25166667
10.22666667
10.37333333
11.31166667
12.05333333
12.29333333
12.38166667
12.43166667
12.32666667
11.39333333
10.585
10.30833333
10.22166667
10.08333333
10.03833333
10.05166667
10.15833333
10.16
10.11833333
10.25333333
10.53833333
10.59666667
10.62833333
10.71333333
10.75
10.695
10.595
10.65
10.62333333
10.47666667
10.39666667
10.51166667
10.37333333
10.48833333
10.605
10.805
11
11.24666667
11.44
11.385
11.33666667
11.18333333
10.98833333
10.48333333
10.255
10.05166667
9.868333333
9.748333333
9.658333333
9.645
9.58
9.531666667
9.585
9.703333333
9.853333333
9.963333333
10.105
10.245
10.23166667
10.17166667
10.28833333
10.45833333
11.4183335
12.2633335
12.64666683
12.9983335
13.1283335
13.8683335
13.57166667
13.185
13.02166667
13.05666667
13.13833333
12.42666667
11.93666667
11.68833333
11.66666667
11.39
11.04
11.19833333
11.25
11.225
11.375
11.39833333
11.47333333
11.185
10.98666667
10.75666667
10.42833333
10.33666667
10.20333333
10.065
9.923333333
9.93
9.933333333
9.881666667
9.843333333
9.816666667
9.793333333
9.676666667
9.586666667
9.473333333
9.49
9.626666667
9.731666667
9.788333333
9.835
9.905
9.948333333
9.945
9.943333333
9.976666667
9.986666667
10.23
10.43833333
10.59166667
10.79666667
10.755
10.84333333
10.695
10.535
10.31833333
9.958333333
9.891666667
9.79
9.723333333
9.773333333
10
10.39333333
10.75833333
11.29833333
11.62833333
11.78333333
11.67666667
11.38166667
11.09666667
10.52
10.205
9.971666667
9.98
10.23833333
10.49666667
10.83166667
11.075
11.24
11.15
10.86666667
10.51833333
10.225
10.03333333
9.945
9.821666667
9.813333333
9.928333333
9.895
9.801666667
9.703333333
9.841666667
9.998333333
10.02333333
10.24333333
10.26833333
10.14333333
9.971666667
9.763333333
9.653333333
9.493333333
9.501666667
9.623333333
9.78
10.18666667
10.585
10.94166667
11.18333333
11.375
11.53166667
11.5
11.445
11.255
11.68333333
12.31
12.71666667
13.05
14.00499983
18.37833317
21.06833317
23.22499983
26.54499967
29.14333283
30.5266665
28.468333
26.68166633
25.24833283
22.9149995
21.50499967
20.57333283
19.53166617
19.0699995
18.51499967
18.36999983
18.24499983
18.653333
18.79833317
19.1716665
19.59833333
19.46
18.9083335
17.60333367
16.96833367
16.571667
16.3833335
16.1883335
16.065
16.795
17.1983335
17.45000033
18.46833367
19.84833383
20.72000067
21.30000067
22.078334
22.43000033
22.47666717
21.84833367
21.68666667
21.0933335
20.86333333
21.1633335
20.63833317
20.49499983
20.23333333
19.97833317
19.15666633
18.06999967
17.25833317
16.54499983
16.27666633
16.098333
16.3416665
16.77333317
16.87999983
16.78833317
16.63
16.48833333
16.14666667
15.82333333
15.57833333
15.46833333
15.265
14.92
14.46333333
13.92166667
13.615
13.595
13.38
13.38166667
13.41333333
13.485
13.53333333
13.19166667
13.04333333
13.00833333
13.60833333
13.91833333
14.28666667
14.43333333
14.46833333
14.33166667
13.435
12.96666667
12.425
12.24
12.17333333
12.26333333
12.34333333
12.31833333
12.34
12.50666667
12.58166667
12.865
13.14
14.03166667
14.63333333
15.39333333
16.07
16.31166667
16.61666667
16.41833317
16.25999983
15.50333317
14.80999983
14.23499983
13.9066665
13.31333333
12.84833333
12.75833333
12.65333333
12.56333333
12.43666667
12.48333333
12.55666667
12.48666667
12.525
12.53166667
12.55833333
12.79166667
12.82666667
12.95
12.93333333
12.85
12.55666667
12.00166667
11.67166667
11.35833333
11.52
12.04333333
12.38333333
13.00166667
13.435
13.66333333
13.55166667
13.23166667
13.055
12.68333333
12.44
12.36
12.36166667
12.26
12.47333333
12.54833333
12.74333333
13.035
13.39333333
13.83166667
13.93666667
13.99666667
13.99333333
13.73666667
13.30666667
13.10666667
12.87833333
12.63333333
12.41
12.295
12.31666667
12.10666667
12.12333333
12.23333333
12.28666667
12.34
12.315
12.18
12.40166667
12.80333333
13.39833333
14.05666667
15.87499983
18.10333317
19.28499967
20.3649995
20.68666633
20.928333
20.44499967
19.59666617
19.31833283
19.2199995
20.48833267
21.62499917
22.30833267
23.10999967
23.72833317
23.815
22.83333333
22.0483335
21.34833333
20.54999983
19.385
18.63333317
18.30333333
18.46000017
18.47000033
18.69333367
19.29666683
19.5333335
19.99
20.32833317
20.458333
20.503333
20.323333
20.46999983
20.2016665
19.58666667
19.13166683
18.28500033
18.591667
18.95333383
19.74333383
20.38500017
21.00000017
21.8366665
21.8216665
21.8949995
22.1099995
22.59999967
23.23666633
24.38999967
25.9666665
28.37333333
29.355
30.08499983
30.54499983
30.05166667
28.903333
27.13333317
25.628333
24.2016665
22.88999967
21.983333
21.36333317
20.15333317
19.76833333
19.30166667
19.06333367
18.7433335
18.46
18.89499967
18.96999967
19.01833283
18.74833267
18.883333
19.10499967
18.5816665
18.08999983
17.6316665
17.34999983
16.79999967
16.17499983
15.96
15.81833333
15.79000017
15.74000017
15.7533335
15.89333333
15.64999983
15.50999983
15.18499983
15.02333317
14.6666665
14.43833333
14.48166667
14.45166667
14.57833333
14.43
14.61666667
14.59833333
14.69333333
15.00833333
15.21999983
15.3466665
15.20333317
14.9816665
14.60833317
13.98999983
13.49833333
13.37
13.39333333
13.43
13.92666667
14.50166667
14.765
15.03
15.11666667
15.13
14.61666667
14.12166667
13.965
13.70333333
13.435
13.34666667
13.49333333
13.48333333
13.36333333
13.10166667
13.01833333
12.85166667
12.57166667
12.37
12.27
12.315
12.45166667
12.63
12.65166667
12.82166667
12.93833333
13.35833333
13.57166667
13.50833333
13.96
14.995
16.04166667
16.75833333
17.0283335
18.30833333
18.74499983
18.265
17.58
17.05666667
17.10166633
16.16833317
15.61666667
15.6966665
15.78999983
16.0466665
16.31166667
16.70333317
17.363333
17.6866665
17.873333
17.638333
17.30999967
17.143333
16.6816665
16.203333
16.0266665
15.9816665
15.87333317
15.715
15.58333333
15.30666667
15.11333333
15.04333333
15.04
15.19500017
15.37166667
15.62
15.675
15.45166667
15.06333333
14.44499983
13.95666667
13.64666667
13.48166667
13.31
13.31
13.28
13.18
12.99666667
12.97666667
13.06
13.31333333
13.50333333
13.49166667
13.36
13.155
12.92666667
12.65666667
12.725
13.31000017
14.276667
15.08833383
17.1600005
18.38333383
19.30833383
19.44000033
19.45666667
20.0366665
18.85833317
19.17999983
19.4616665
19.72166633
19.53999967
18.94166633
18.65499967
17.75166633
17.53333317
17.675
18.24666667
18.555
18.9016665
19.28499983
19.24999967
18.918333
18.24499983
17.51999983
17.085
16.455
15.61333333
15.095
14.67333333
14.61833333
14.48
14.27166667
14.17833333
14.36166667
14.55666667
14.95333317
15.2066665
15.55999983
16.088333
16.24166633
16.8499995
17.4349995
17.96166633
18.12333317
18.23000017
18.90333367
18.916667
18.41833383
17.82833367
17.41666683
16.69666667
15.5966665
14.78833333
14.235
13.97166667
13.95333333
14.03166667
14.03666667
13.84666667
13.65666667
13.52333333
13.16833333
13.03666667
12.80166667
12.83166667
12.83
12.73333333
12.8
12.60833333
12.67333333
12.64833333
12.63166667
12.70333333
12.59
12.655
12.68333333
12.7
12.72166667
12.60333333
12.57333333
12.42
12.235
12.20833333
12.505
13.10833333
13.59666667
14.09333333
14.405
14.945
15.07333333
14.91166667
14.76833333
14.45333333
14.20666667
13.61166667
13.095
12.68
12.44166667
12.43833333
12.52666667
12.58666667
12.72833333
13.115
13.32666667
13.30333333
13.52833333
13.72833333
13.78833333
13.56
13.35333333
13.36833333
13.085
12.84166667
12.61333333
12.425
12.35166667
12.4
12.49833333
12.59666667
12.95333333
13.93833333
14.63500017
15.225
15.655
16.63166667
17.19999983
16.83666633
16.64833283
16.40999967
16.40666633
15.773333
15.30833317
14.92333333
14.75666667
14.54333333
14.43666667
14.32666667
14.39
14.94666667
16.76000017
19.12166683
21.24333333
25.37333333
29.46500017
32.18833317
34.153333
34.843333
36.853333
37.31666617
39.7083325
42.021666
44.868333
52.11499983
55.15000033
61.9416675
65.51666833
70.37500133
73.39166767
71.820001
72.44666733
68.94333333
66.9499995
64.375
63.2983335
61.80500033
60.46333383
59.695001
57.5216675
55.15500067
51.7716675
50.04166733
48.3433335
45.778333
44.15499933
42.6483325
41.91499883
40.8166655
39.9499995
40.31000017
41.01666717
41.72000083
41.810001
41.11333417
40.303334
38.59333367
36.23000033
34.92500067
34.226667
34.23333383
34.28666717
34.37833367
34.41333383
33.38500017
31.781667
31.29333367
31.57166667
31.32000033
31.395
31.61499983
32.10833333
31.2666665
30.3083335
29.56666667
28.92000017
28.6400005
28.316667
28.236667
28.02000017
27.80000017
27.4083335
27.1066665
26.42833317
26.14499967
26.03499967
26.15666633
28.67833317
30.39166667
32.03833367
33.3483335
34.331667
35.22666683
34.2816665
33.5616665
33.05666633