20.35285743
21.27428571
22.29142871
22.87285714
23.43
23.73571414
23.74428543
24.69428571
24.70571429
24.56999986
24.77714257
25.07999986
25.38
26.05857143
25.86714286
25.88857171
25.73571471
25.58000071
25.35285786
25.045715
24.54857214
24.31000071
24.24000043
24.16000043
23.80428586
23.092857
22.59142843
22.45
22.47857114
22.21571429
22.20571443
22.42142871
22.84714329
23.02000029
22.89428586
22.53000029
22.45714314
22.00857143
21.37142871
20.95
20.70857129
20.44714271
20.405714
20.06571386
19.81714243
19.605714
19.39857129
19.22142843
19.22571414
19.46714286
19.582857
19.69428571
20.17857129
20.38999971
20.30428543
20.25142829
20.265714
20.26285714
20.61142871
20.64
20.92428571
21.47285714
21.75285729
21.02285729
20.93142843
20.74857114
20.62999971
20.75999971
20.78285686
21.01714243
21.93571386
22.20714271
22.22285714
22.20428586
22.13571457
21.71571471
21.01571471
20.32428614
19.76857157
19.257143
18.88571443
18.35714286
18.23142843
18.25428557
18.32428543
18.65714257
18.97285671
18.981428
18.80714229
18.60142829
18.33428529
18.05285686
17.62999986
17.37428571
17.31857157
17.53000014
17.56428586
17.65714329
17.55000043
17.72285743
17.90428571
17.91857143
17.65142843
17.67142829
17.52428529
17.45428529
17.30999957
17.085714
16.86857114
16.98714257
16.65142829
16.49857114
16.22999971
16.51285714
16.46428557
16.52
16.27571443
16.41142871
16.44428586
16.66428586
16.20000014
16.22714314
16.24428586
16.33857157
16.44428586
16.61285729
16.72714286
16.86714271
16.79571414
16.83142843
17.15142843
17.385714
17.235714
18.18142843
18.85285714
19.34428586
19.85857157
20.17571457
20.54714329
21.33000057
21.03857186
20.844286
22.06571443
24.30142871
25.96285714
26.97857143
27.44714257
28.03428557
28.792857
28.14142843
26.34142829
25.54285686
25.43714271
25.732857
26.182857
26.86999971
28.62571414
30.14285714
30.49571414
30.722857
30.85428557
30.995714
30.902857
29.91857114
29.145714
29.22571429
29.16999986
29.45
29.23428571
28.98000014
28.94428586
29.23571429
29.14428543
29.15714257
28.948571
28.98857114
29.26285686
29.438571
29.188571
28.99428557
28.972857
29.14857157
29.06285714
28.66857143
28.28857157
28.10285743
28.05428586
27.964286
28.19285714
28.64000029
29.597143
30.174286
30.76428586
31.27857171
31.754286
31.59571471
31.12000043
30.161429
29.53714314
29.05714343
28.71285771
28.62428614
28.90142914
29.281429
29.67714343
30.06000057
30.31000057
30.42571471
30.19142914
30.09571486
30.13428643
29.69428614
29.03000043
28.25142886
27.257143
26.32285714
24.96142843
23.55571414
22.57428571
21.93
21.41571429
21.397143
21.43857171
21.67000014
22.09285714
22.38857143
22.56000014
22.71000029
22.45000043
22.41571471
22.36285771
22.31571486
22.54285771
22.398572
22.544286
22.96000014
23.27857143
23.35285729
23.28142871
23.19285714
23.38999986
23.53000014
23.577143
23.57142857
23.84857114
24.31999957
24.81857129
25.57142843
26.022857
26.70428571
27.5
28.67857143
29.38571443
30.24428586
31.42571457
32.707143
33.31428586
32.89571471
31.76571471
30.76571471
29.66142886
27.907143
26.00714314
24.43571457
23.80714286
23.49000014
23.06714314
22.49714314
22.08571471
21.94285757
21.837143
21.784286
21.84571457
22.13285714
22.36857129
22.54285686
22.39999971
22.402857
21.95857129
21.42142843
21.26142857
21.00714314
20.82857171
21.114286
20.957143
21.19857157
21.397143
21.25000014
21.26142871
21.18142886
20.85142857
20.94714286
20.882857
20.83285686
20.48857114
19.80714243
19.01999943
18.21285671
17.46142829
16.79
16.09857171
15.81857186
15.87571471
16.13571471
16.33714314
16.44571443
16.55571414
16.75285686
16.82999957
16.98999971
17.16857114
17.35714257
17.47999986
17.94285729
18.27285729
18.25000014
18.37000014
18.15428586
17.89571457
17.61857171
17.067143
16.48857157
16.42285743
16.21857157
16.25
16.44
16.69714286
16.98428571
17.35
17.49142843
17.562857
17.63714286
17.74714286
17.77428557
17.70428571
17.55142857
17.51857157
17.53857157
17.647143
17.71285714
17.68142871
17.51857129
17.50857129
17.29857114
17.08428543
16.81428557
16.36428571
16.14
16.03428586
15.88000014
15.86000014
15.96142886
15.97000014
16.137143
16.317143
16.47142871
16.67857143
16.87714286
16.99857114
17.115714
17.055714
16.85142829
16.73142814
16.72714271
16.64571414
16.47285714
16.657143
16.92428586
17.27857157
17.52571471
17.827143
18.09714286
18.25714271
18.42714243
18.498571
18.82857114
19.098571
19.04714271
18.86857129
18.96285729
18.721429
18.59857186
18.20285743
17.63285743
17.10571443
17.03571457
16.79142871
16.59571429
16.34571429
16.05
16.03571429
16.03142857
15.78571429
15.62714286
15.46285714
15.48857143
15.50142857
15.48571429
15.55857143
15.59714286
15.56714286
15.49142857
15.37285714
15.32285714
15.38714286
16.13142871
16.61857171
16.67000029
16.65000029
16.55285743
16.49857171
16.42000029
15.58000014
15.00285714
14.83714286
15.12
15.51571429
15.872857
16.05857129
16.40428557
16.88999971
17.38999957
17.33857086
17.43857071
17.511428
17.64285657
17.61857071
17.524285
17.39857086
17.42285657
17.15999971
16.85428543
16.52142829
16.34285686
16.09857129
15.77428557
15.69285714
15.83571429
15.82857143
16.29
16.50428571
16.88857157
17.31571429
17.57142857
17.52428543
17.608571
17.07571386
16.86285686
16.48142814
16.31857114
16.168571
16.10428543
16.01857129
16.14714271
16.022857
15.97714271
15.80571414
15.65285714
15.55857143
15.66285714
15.76714286
15.912857
15.972857
15.96857129
15.88428557
15.66142843
15.31857129
14.95857129
15.63142857
15.96142871
16.66285729
17.45000014
18.174286
19.21000043
20.34714329
20.15000029
20.37285729
20.36142871
20.33000014
20.41428586
20.177143
19.93000029
19.82142914
19.80714343
19.75428614
19.81000043
19.72142886
19.48428571
19.11714286
18.98571429
18.70571443
18.43000014
18.01285729
17.66000029
17.34428614
17.03285743
16.687143
16.66571414
16.85857129
17.04428571
17.34999986
17.81999971
18.36142829
18.79285671
18.98285671
18.85999986
18.725714
18.47714257
18.25285686
18.02571386
17.68285686
17.31999986
17.24428543
17.06428543
16.98571386
16.82142829
16.682857
16.87571414
17.04714286
16.98571429
17.07857143
17.32714314
17.57285729
17.79428571
17.95428586
18.08142857
18.23428557
18.27714286
18.15857143
18.08571457
17.91571486
17.834286
17.64142886
17.37857171
17.26000029
17.22571429
17.06857129
17.01285671
16.76857114
16.69999971
16.72285686
16.778571
16.88714243
17.18999943
17.63428529
18.08714243
18.37285671
18.78857129
19.13999971
19.20571414
19.20428557
18.78142857
18.35428586
18.04571443
17.62142857
17.19428586
16.90428586
16.58000043
16.50857186
16.41285743
16.334286
16.24285743
16.20714314
16.31285729
16.38857129
16.44999957
16.84857086
17.44571371
17.68999929
17.74285643
17.73285657
17.62714243
17.40285686
16.83714271
16.23428557
16.04000014
15.91285729
15.747143
15.70857157
15.90000014
16.09857157
16.10142871
15.95857143
16.05142871
16.207143
16.34285729
16.38857143
16.43142871
16.38857157
16.337143
16.20428571
15.95714286
15.79
15.50571443
15.23142857
14.93428571
14.71285714
14.46142857
14.25285714
14.17142857
14.05285714
13.93142857
13.97285714
14.08857143
14.18142857
14.27
14.09
14.18428571
14.38714286
14.68857143
15.00142871
15.24714314
15.33285743
15.49000029
15.57142886
15.984286
16.30285757
16.25857157
16.31142857
16.25142857
16.2
16.08285714
15.59571429
14.882857
14.46
13.98571429
13.89285714
13.96
14.16428571
14.28714286
14.48571429
14.53571429
14.63142857
14.57714286
14.24142857
13.73285714
13.31428571
13.03714286
12.88
12.81714286
12.79285714
12.91428571
13.14714286
13.21142857
13.32285714
13.45142857
13.39428571
13.46571429
13.49571429
13.48428571
13.65285714
13.72428571
13.86857143
14.14285714
14.29285714
14.54428571
14.66428571
14.71857143
14.70428571
14.68142857
14.59428571
14.61285714
14.73428586
14.87142871
14.85571443
14.83000014
14.657143
14.52857157
14.29857157
13.80428571
13.41285714
13.19571429
13.19428571
13.22571429
13.13142857
12.99857143
13.03714286
13.14428571
13.39285714
13.48714286
13.54142857
13.61714286
13.81857143
13.93714286
13.91
13.92142857
14.04714286
14.22285714
14.34142857
14.68857129
15.25428571
16.19285714
16.92857157
17.76142871
18.37428586
19.26428586
19.71857171
19.73428586
19.507143
19.10142871
18.52857157
18.25
17.73000014
17.32000029
17.02571457
16.74571443
16.63285714
16.52285714
16.32857157
16.12857143
16.06142843
16.17999986
16.30428571
16.29857157
16.17571443
15.99571443
15.81857157
15.56428586
15.18142871
14.75857157
14.52
14.44571429
14.49142857
14.53714286
14.53142857
14.48571429
14.34714286
14.06857143
13.73142857
13.38428571
13.16428571
12.94571429
12.78714286
12.59142857
12.47
12.39857143
12.27714286
12.21571429
12.20857143
12.17714286
12.26714286
12.35285714
12.43571429
12.49428571
12.36285714
12.20571429
12.12142857
11.95714286
11.83714286
11.78571429
11.80714286
11.94142857
12.07285714
12.30285714
12.56571429
12.82285714
13.18
13.39142857
13.42857143
13.45857143
13.32428571
13.13
12.87285714
12.41142857
12.16714286
12.06571429
11.91
11.75
11.66285714
11.64571429
11.72
11.71714286
11.75571429
11.84714286
11.98285714
12.08857143
12.20857143
12.33571429
12.50428571
12.65571429
12.81285714
12.87571429
12.91285714
13.40857143
13.83714286
14.17142857
14.39142857
14.57285714
14.90857143
15.24285714
14.95714286
14.56571429
14.28571429
13.92428571
13.7
13.47142857
13.38
13.73142843
13.87571414
13.91999986
14.172857
14.53428557
14.71999986
14.78142843
14.54
14.54
14.44285714
14.35714286
13.98
13.65142857
13.30428571
12.97285714
12.75285714
12.61
12.44857143
12.44857143
12.74285714
13.03428571
13.32428571
13.46857143
13.55428571
13.46857143
13.28
12.88857143
12.43714286
12.01571429
11.79
11.66285714
11.68857143
11.82857143
12.05714286
12.67
13.04714286
13.19857143
13.32142857
13.36571429
13.39714286
13.22285714
12.81285714
12.71142857
12.69571429
12.82714286
12.96
13.05428571
13.42857143
13.71571429
13.84571429
14.01428571
14.09571429
14.18571429
14.32142857
14.22714286
14.17714286
13.99857143
13.84285714
13.72571429
13.68142857
13.53428571
13.45428571
13.28571429
13.45571429
13.69
13.76
13.70857143
13.59857143
13.42571429
13.30142857
12.98714286
12.54714286
12.30142857
12.15
11.99857143
11.95714286
11.99428571
11.90571429
11.82714286
11.69142857
11.55
11.53
11.42857143
11.66
11.91714286
12.07857143
12.00857143
11.95
11.88
11.80142857
11.33428571
11.03571429
10.92428571
10.96
11.12
11.21571429
11.29285714
11.39571429
11.45
11.43714286
11.46571429
11.43142857
11.4
11.42428571
11.48
11.57857143
11.71571429
11.87857143
11.96142857
12.04714286
12.17428571
12.24285714
12.24
12.13428571
12.01
11.91285714
11.84857143
11.81571429
11.76
11.77285714
11.85142857
11.90714286
11.92285714
11.95571429
11.86
11.87
11.73571429
11.84428571
12.03428571
12.16714286
12.14571429
12.24285714
12.42571429
12.64571429
12.71142857
12.73285714
13.00857143
13.80857129
14.03571414
14.06571414
14.032857
13.90857129
13.73714271
13.45571414
12.84
12.56571429
12.49285714
12.56428571
12.59142857
12.72714286
12.64285714
12.53857143
12.62142857
12.41142857
12.13
11.87142857
11.61285714
11.55142857
11.41714286
11.24428571
11.25857143
11.37714286
11.51428571
11.61142857
11.65
11.67
11.75285714
11.79
11.99428571
12.40142857
12.82428571
13.17142857
13.52571429
13.80285714
14.10857143
14.11857143
14.08714286
14.10714286
14.28714286
14.38857143
14.57571429
14.86428571
14.99857143
14.86285714
14.67142857
14.46428571
14.33714286
14.16571429
13.82428571
13.59857143
13.50285714
13.30857143
13.07142857
12.88142857
12.70571429
12.34428571
12.12142857
11.86285714
11.64714286
11.45
11.21
10.85
10.61142857
10.37571429
10.18571429
10.03142857
9.942857143
9.934285714
10.16
10.62571429
10.97285714
11.15
11.35714286
11.42857143
11.43571429
11.38285714
11.25142857
11.27571429
11.30571429
11.39285714
11.48857143
11.63428571
11.61571429
11.53571429
11.46714286
11.5
11.39857143
11.20857143
10.94857143
10.87285714
10.81
10.66857143
10.57857143
11.16142857
11.68428571
12.21571429
12.59714286
13.11
13.66
14.16428571
13.9
13.78142857
13.8
14
13.89714286
13.81857143
14.05857143
14.25857143
14.50714286
14.79857143
14.99571429
15.40142871
15.70000014
15.457143
15.66142871
15.59571443
15.69857143
15.52571429
15.56142857
15.38714286
15.42285714
14.92714286
14.77142857
14.45571443
14.24428586
13.63
13.43714286
13.31714286
13.62285714
14.07571429
14.68285714
15.69142871
17.34285743
18.01428586
18.54428571
18.84142857
18.90285714
18.62000014
18.04428571
17.06571414
16.8
16.60000014
16.63428571
16.63571429
16.692857
16.47999986
16.182857
15.89571414
15.58428557
15.19714286
14.74571429
14.33142857
14.17142857
14.07857143
14.12142857
14.30428571
14.54
14.74285714
14.94857143
15.18428571
15.22
15.23571429
15.09285714
14.57714286
14.16857143
13.77428571
13.49285714
13.23428571
12.91428571
12.68857143
12.68
12.78
12.77
12.66142857
12.58428571
12.67
12.74857143
12.86714286
12.89285714
12.88857143
12.77285714
12.68857143
12.47285714
12.21142857
12.06714286
12.17428571
12.46142857
12.76142857
13.12142857
13.86428557
14.47999986
14.86999986
14.93571414
14.97428557
15.022857
15.13714271
14.84857143
14.63142857
14.37714286
14.29285714
14.06857143
13.79142857
13.32285714
12.83428571
12.46714286
12.23714286
11.93285714
11.68285714
11.51142857
11.48571429
11.54
11.61
11.66428571
11.58285714
11.51428571
11.52142857
11.50571429
11.58
11.63857143
11.69285714
11.89428571
12
12.12285714
12.08571429
12.06857143
11.93285714
11.80857143
11.74142857
11.87285714
11.94285714
12.03714286
11.96714286
12.05714286
12.15
12.11428571
11.88571429
11.79285714
11.80857143
11.78428571
11.73714286
11.68285714
11.68857143
11.95857143
12.25
12.52285714
12.76428571
12.79142857
12.93285714
13.10428571
13.29428571
13.36285714
13.38
13.58571429
13.96857143
14.15857143
14.18571429
14.11714286
14.08714286
14.30857143
14.61285714
14.80714286
15.10857143
15.34714286
15.45428571
15.35
15.21714286
14.96571429
14.59428571
14.38285714
14.33571429
14.39428571
14.74285714
14.94285714
15.23857129
15.63999971
15.77428543
15.92857114
15.84714257
15.64285686
15.48999971
15.25714271
15.17857143
15.32857143
15.57142871
15.82
16.08571429
16.25142857
16.41714286
16.57428571
16.56142857
16.302857
16.24714286
16.18714286
16.20571414
16.31142843
16.55857129
16.67
16.85142857
16.88571429
16.87857143
16.95857171
16.86000014
16.53000014
16.33142843
16.25285714
16.53857143
16.55142871
16.37571429
16.08000014
15.64142871
15.18714314
14.68857157
13.95571443
13.51857143
13.03142857
12.73714286
12.56428571
12.45
12.45285714
12.43
12.46142857
12.77571429
12.93428571
13.17428571
13.32571429
13.4
13.35142857
13.20142857
12.99857143
12.65142857
12.31428571
12.12285714
11.87142857
11.77714286
11.77714286
11.77142857
11.89142857
11.93714286
11.86
11.81428571
11.87142857
11.84428571
11.69285714
11.57714286
11.50857143
11.50428571
11.49285714
11.37285714
11.32571429
11.26142857
11.30142857
11.36571429
11.40857143
11.47142857
11.51285714
11.57285714
11.58857143
11.55142857
11.46714286
11.60857143
11.62857143
11.62
11.61571429
11.62428571
11.77
12.25285714
12.42571429
12.65571429
12.76
12.77857143
12.87142857
12.90714286
12.58285714
12.30857143
12.02
11.89857143
11.77571429
11.68
11.50428571
11.48714286
11.42
11.58714286
11.74285714
12.04
12.33571429
12.54
12.70142857
12.91285714
12.96142857
12.98571429
12.89428571
12.68571429
12.52285714
12.43285714
12.45428571
12.48857143
12.39
12.26571429
12.24857143
12.38142857
12.37428571
12.22714286
12.03571429
12.04142857
12.04428571
12.01142857
12.04428571
12.01285714
12.05428571
12.19714286
12.33142857
12.48857143
12.51
12.47285714
12.49285714
12.51285714
12.56714286
12.52857143
12.34285714
12.30142857
12.14142857
12.06
12.03714286
11.95
11.95571429
12.03142857
12.23571429
12.54857143
12.74428571
12.83571429
12.88857143
12.87571429
12.83285714
12.59142857
12.28285714
12.03
11.73142857
11.49142857
11.26285714
11.17857143
11.2
11.17571429
11.25714286
11.48857143
11.56428571
11.62571429
11.63428571
11.65285714
11.79285714
11.75285714
11.66714286
11.73142857
11.82571429
11.95857143
12.1
12.09714286
12.20285714
12.33285714
12.51857143
12.59428571
12.60285714
12.60142857
12.7
12.83142857
12.90285714
12.85857143
12.96
13.13
13.28857143
13.43285714
13.43714286
13.42571429
13.40857143
13.30285714
13.22285714
13.11428571
13.03714286
12.91428571
12.82142857
12.68857143
12.58571429
12.64571429
12.60285714
12.59285714
12.67714286
12.66
12.71
12.79857143
12.6
12.44571429
12.17714286
11.99285714
11.89571429
11.80571429
11.59285714
11.51857143
11.51
11.51857143
11.44
11.43
11.5
11.71571429
11.83571429
11.98428571
12.14285714
12.44571429
12.63428571
12.71428571
12.68428571
12.74
12.94714286
13.23857143
13.47285714
13.87857143
14.03285714
14.37428571
14.69285714
14.78142857
14.74428571
14.57428571
14.41428571
14.42142857
14.30714286
14.10428571
13.94571429
13.93571429
13.96142857
13.94285714
14.16571429
14.24857143
14.35
14.40285714
14.29428571
14.2
13.88142857
13.47428571
13.24857143
12.94857143
12.75285714
12.69
12.69142857
12.85142857
12.88142857
12.81285714
12.86
12.84714286
12.67142857
12.47285714
12.25714286
12.18285714
12.04
11.92
11.80714286
11.71714286
11.55285714
11.52142857
11.56
11.72714286
11.65142857
11.57714286
11.50857143
11.46571429
11.38285714
11.20285714
11.46142857
11.75285714
11.91571429
11.93571429
12.1
12.16
12.23714286
11.90857143
11.81714286
11.81571429
12.00571429
12.33
12.62857143
12.79
13.21285714
13.76714286
14.12428571
14.42857143
14.60142857
14.67428571
14.83714286
14.60428571
14.07571429
13.88285714
13.78714286
13.43714286
13.27285714
12.95142857
12.75285714
12.71285714
12.59714286
12.46714286
12.56571429
12.64
13.01
13.28428571
13.49428571
13.79428571
14.08571429
14.33
14.63428571
14.85428557
15.03428557
15.44999971
15.42714257
15.40857114
15.385714
15.498571
15.56999957
15.76285657
15.79714257
16.118571
16.41999957
16.608571
16.63428529
16.61428543
17.18285714
17.51999986
17.85857143
18.06714271
18.18571414
18.18285729
18.3
17.96428557
17.85857129
17.66571414
17.51142843
17.64142843
17.82142814
17.90428529
17.87714243
17.90857086
17.931428
17.845714
17.62999971
17.39857129
17.51714271
17.39714271
17.58857129
17.83857129
17.97142814
18.04285671
18.08142829
17.84571414
17.71571414
16.98714286
16.37714286
16.03857157
15.76428586
15.51714286
15.18571429
15.04857143
15.15
15.24857143
15.76428586
16.02000029
16.334286
16.63714329
16.68428614
16.85000043
16.78428614
16.29000029
16.03285729
15.84285729
15.67714286
15.58428571
15.41428571
15.47
15.51857143
15.7
15.69285714
15.86571429
16.15428571
16.18571429
16.19571429
16.39000014
16.39142871
16.46285743
16.45142886
16.30142886
16.41000043
16.49714329
16.51714314
16.651429
17.02285729
17.11142857
17.30428586
17.41285729
17.45428571
17.28285714
17.10999986
16.65142857
16.33285729
15.86714286
15.31571414
14.86
14.63
14.38714286
14.48142857
14.65142857
14.83714286
15.09857143
15.67428557
16.08857129
16.93142857
17.50428571
17.90428557
18.252857
18.502857
18.87428571
19.51142843
19.70142843
19.59999971
19.34714286
19.65571429
20.12285729
19.98714286
19.58857157
18.83857157
18.54857186
18.474286
17.924286
17.28285743
16.75571471
16.30000043
16.33142886
16.13142871
15.92142871
15.717143
15.60714286
15.45857143
15.30857143
14.92285714
14.66857143
14.65714286
14.7
14.67571429
14.88857129
15.24428557
15.92428543
16.56142814
17.29428529
17.578571
17.75857114
17.762857
17.62714257
17.26999986
16.77857143
16.05285714
15.85857143
15.78714271
15.75571429
15.697143
15.76714286
15.94571443
16.05857143
16.11142871
16.14571443
16.277143
16.47714286
16.52285743
16.56857157
16.36571457
16.22285729
16.14857157
16.02571429
15.91285729
15.66857143
15.43428571
15.58142857
15.65142857
15.62714286
15.48285714
15.44285714
15.63285714
15.82142871
15.97285714
16.21428586
16.63285729
17.09000029
17.44714314
17.691429
17.897143
18.061429
18.11285743
17.917143
17.76428557
17.37857129
16.79714257
16.43571414
15.985714
15.43428543
15.06142843
14.76285714
14.68428571
14.95571429
15.01428571
15.01857143
15.32142857
15.69428557
15.95714257
16.22999957
16.51428529
16.92999957
17.35999957
17.67857086
17.94285671
18.055714
18.16142829
18.41142829
18.66428557
19.11571414
19.66571429
19.94428571
20.18285714
20.31000014
20.19142871
20.05571429
19.71142857
19.22571429
18.99142843
19.00428557
19.31142843
19.63857114
19.58571386
19.75857086
19.86714229
20.02571386
20.22571386
20.041428
19.85571386
19.875714
19.80571414
19.84285714
19.612857
19.282857
19.022857
18.62999986
18.515714
18.505714
18.58428529
18.885714
19.11857114
19.355714
19.69571386
19.85428543
19.86857114
19.99714243
19.91428529
19.72428529
19.89285686
19.96428543
19.94999971
19.92142829
19.652857
19.58714286
19.83142871
19.94000014
20.02285729
20.07428586
20.18142871
20.40428586
20.60142857
20.67142843
20.59714257
20.60714286
20.55714286
20.62857143
20.42571429
20.12857143
19.86428571
19.68142886
19.56285743
19.60857157
19.67571457
19.95285743
20.344286
20.62571443
20.637143
20.67571414
20.59714286
20.22142843
20.112857
20.16999971
20.11571414
20.34571386
20.50714271
20.502857
20.52999986
20.23571429
19.72428571
19.46285714
19.24285729
18.94285714
18.80285714
18.67857129
18.71714243
18.74428543
18.89999971
18.865714
19.06428543
19.43285686
19.93428557
20.31
20.46142843
20.455714
20.50571414
20.08142843
19.98142829
19.93857114
19.93857114
20.14571414
20.15285729
20.20714286
20.67857129
20.81571429
20.68142857
20.71428571
20.74571429
20.62428557
20.48571429
20.19428586
19.76428586
19.68571457
19.35857186
19.00714329
18.99714343
19.221429
19.39857186
19.68714329
19.83000043
19.781429
19.844286
19.82285743
19.53714314
19.32285743
19.204286
19.12000014
19.29571429
19.43714314
19.58857157
19.78142886
20.16428614
20.37428614
20.621429
20.85714329
20.967143
21.17142886
21.28571443
21.07285729
20.65571443
20.31714286
19.88
19.76285729
19.53285714
19.25571414
19.23857114
19.40714257
19.44
19.69428586
19.96285743
20.47571457
20.86285757
21.10857171
21.38857157
21.59714286
21.782857
21.745714
21.44285671
21.40142814
21.542857
21.68285729
21.65714286
21.40142843
21.07999986
21.232857
21.41714271
21.625714
21.99428529
22.34714271
22.97571443
23.63285743
23.65857171
23.41857171
23.43000029
23.46142886
23.60285729
23.64285714
23.62714271
23.89428571
24.41857143
24.51857157
24.54857171
24.71571457
24.65571443
24.67571443
24.58714286
24.56999986
24.77857114
24.80999957
24.87714243
24.79999971
24.75714257
24.69857129
24.42714286
23.86857143
23.41571429
22.972857
22.85714257
22.59428543
22.415714
22.43999971
22.47428543
22.51285686
22.35571429
22.16285743
21.881429
21.67285757
21.58714314
21.22000029
20.93285743
20.71142871
20.48857129
20.522857
20.65428571
20.42714286
20.39571443
20.33857171
20.76714314
21.21285757
22.72571471
24.087143
25.94857171
28.61571457
30.79142871
32.09142871
33.38714329
33.53857171
33.731429
34.091429
33.86714329
34.05142914
34.87285771
35.50142871
35.71285729
35.57142871
34.89714286
33.93999986
32.645714
31.04714257
30.06999971
29.39714271
29.02142857
28.43285729
27.87285729
27.63571443
27.24571443
26.394286
25.49428586
24.67571414
24.09428571
23.88571414
24.16714257
24.73857114
25.242857
25.73714286
26.18142871
26.72857157
27.39000029
27.52285743
27.80000043
28.214286
28.66571443
28.73142886
28.33
27.59142857
26.857143
26.07142871
25.41285729
24.81285729
24.70142857
25.31714314
25.89000029
26.14000029
26.05285729
25.73714314
25.24857171
24.62571457
23.74571457
23.05142886
22.78714314
22.81857157
22.65
22.70857129
22.70857129
22.55714243
22.29999971
21.92142829
21.43285686
21.292857
21.07142857
21.05714271
20.94142857
20.80142829
20.66714257
20.56571414
20.48999971
20.36857114
20.12999971
19.89285686
19.69428557
19.63999986
19.46571429
19.16142843
19.00285686
18.90428571
18.91000014
18.99428586
19.22000014
19.29428557
19.52285714
19.64857157
19.60571414
19.49285686
19.368571
19.02285671
18.95428543
18.67714271
18.43857129
18.41000014
18.657143
18.914286
19.49000043
20.08285743
20.82285714
21.80857143
22.59857114
23.082857
23.292857
23.18999971
23.14142829
23.16857129
22.95571414
22.56857143
22.482857
22.43
22.29714271
22.23857129
21.82428557
21.42714257
21.19857114
20.722857
20.57857114
20.73285686
21.30857129
21.79571414
22.137143
22.31857157
22.30428571
22.26428571
22.19142857
21.72000014
21.60857143
21.292857
21.27428543
21.50857114
21.52571414
21.26571414
20.92999986
20.687143
20.66142857
20.49571429
20.26714271
20.05999971
20.40714271
20.71428543
20.578571
20.71142829
21.13142843
21.50571429
22.05714286
21.93571414
21.53428571
21.51142857
21.39714286
21.20428571
21.42857143
21.41857157
22.09285757
22.81000014
23.14
23.40857143
23.47142857
23.23857157
22.86571429
22.01999986
21.37
20.86571457
20.46142886
20.14571443
19.58285714
19.22571429
19.02714271
18.79428571
18.57428557
18.372857
18.11714286
18.15428571
18.18428557
18.07857129
17.84285671
17.61571386
17.498571
17.80999957
18.10428529
18.83714257
19.56857129
20.44857129
21.73714271
22.80142857
23.16714286
23.80714271
24.23142843
25.38142829
26.33857129
26.76
27.07857129
27.94857129
28.96428571
29.33142843
29.16857143
29.81285714
30.33571429
30.53285714
30.52428586
30.25142871
30.907143
31.17571429
30.60285714
30.49999971
31.94999957
33.50857057
35.54857043
36.02571343
36.73428471
38.319999
40.05857071
39.965714
39.97428571
40.11857171
41.15571486
41.41428657
40.72142971
39.66857229
39.858572
39.71142929
38.752858
37.73571471
36.86428629
36.59000029
36.39142886
35.76857157
35.404286
35.74285729
36.72285743
37.86571457
39.03000043
39.98000071
41.21428629
42.59428629
42.77285771
42.28571486
42.251429
41.70142871
40.57857143
39.33714314
37.53571443
36.237143
35.25714286
34.01428586
33.05857171
32.921429
32.65428629
32.55285729
32.03714286
31.3
30.68999986
30.04571414
29.32999986
28.33857114
27.37857157
27.177143
27.194286
27.367143
27.584286
27.82142886
28.234286
28.55571457
28.41857157
28.037143
27.18000014
26.11714286
25.29571429
24.33142857
23.49428557
23.33428571
23.25857129
23.68142857
24.66142871
24.95142843
25.34428557
25.842857
25.792857
26.05571414
26.38285686
26.75571371
27.34285671
28.06571371
28.40571357
28.31714229
27.895714
27.19
25.60428571
24.47
23.547143
22.72142886
22.47857157
22.55857143
23.042857
23.64999986
23.91571414
24.04
24.197143
24.5
25.02571429
25.58857157
26.80571457
27.64857171
28.34428586
29.10428571
29.88428586
30.434286
30.58
30.04428571
30.11428571
29.95285729
29.617143
29.15285729
28.61142857
28.14714286
28.18285714
28.17428571
28.482857
29.21285714
29.61000014
29.50428586
29.77285743
29.79714314
29.93714314
29.96285757
29.66857157
29.01428586
28.88142871
28.51714286
28.28285714
27.88714271
27.58999986
27.57857129
28.03142843
28.05714271
27.61
27.11428586
26.70571457
26.194286
25.50142914
24.901429
24.69714329
24.85000043
24.99714314
24.87000014
24.80285714
24.892857
25.23999986
25.43428557
25.31714271
25.09857143
25.014286
24.78714314
24.53857171
23.79428586
23.164286
22.924286
22.74857143
22.612857
22.47571414
22.28571414
22.38142857
22.77428571
22.95714286
23.11285729
23.66000014
24.12428586
24.32142857
24.30571443
23.99428571
23.937143
23.86000029
23.57142886
23.577143
23.82857171
24.047143
24.45571457
24.69285743
25.27571457
25.41285757
25.635715
25.71428657
25.99714357
25.91142914
26.15000057
26.12714343
26.39857186
26.17857171
26.01285714
25.76571443
26.13714314
26.42857157
26.47
26.59285729
26.63714286
26.94571457
27.20428586
27.00142871
26.22000014
25.67857171
25.09285729
24.88000029
24.69428586
24.65000029
24.69428586
25.04857157
24.85142857
24.55571443
24.24857157
23.74714286
23.147143
22.40571443
21.99857143
21.90714286
22.00428543
22.11285686
22.00999986
21.722857
21.342857
21.01
20.80857143
20.467143
19.81714286
19.62285714
19.66
19.80999986
19.51714271
19.09857129
18.93142843
19.47857157
19.72571429
20.16857114
20.68428557
21.58428557
22.41428557
22.95428557
23.34428543
23.79857114
24.16142843
24.582857
24.92857129
25.46857129
26.00428557
26.452857
26.997143
26.96857143
26.79142871
26.06428571
25.50142857
24.79714286
24.17428557
23.59428529
23.24571414
22.89142814
22.90428543
22.60285671
22.53714229
22.32714243
22.36142814
22.57571386
22.62999971
22.93428557
22.93714286
23.25571457
23.54000029
23.30857186
22.96285757
22.95714314
22.84857157
23.36
23.61857129
23.54428543
23.68999986
24.20714257
24.53571429
25.11714286
25.57857171
25.74285743
26.13714314
26.48857157
26.45428586
26.41714286
25.93428557
25.50571414
24.885714
24.53142843
23.67428557
22.99142829
22.69285686
22.90714257
23.08714229
24.04285671
24.70142829
25.568571
26.035714
26.20428543
25.58714257
25.23714271
24.59571414
24.02571414
23.28
23.037143
22.76142871
22.97000029
22.90714314
22.72714314
22.36428586
22.44000029
22.51142886
22.53571457
22.38857171
22.17285743
22.13571457
22.00285743
21.87285714
21.452857
21.00285714
20.70428571
20.61142857
20.25714286
20.48571429
20.85857157
21.49000014
21.93571429
22.19142857
21.95142857
21.99714286
21.82
21.48857143
21.06142871
20.95428586
20.94714286
21.48142843
21.68857143
21.80571429
21.82
22.19
22.35857143
22.46000014
22.18285757
22.33142886
22.48285729
22.73142871
22.87142857
23.15428557
23.40857114
24.24999957
24.72714243
25.12142829
24.92571386
24.48999943
24.18428529
23.98857114
23.23142814
22.26714243
21.66285671
21.66285671
21.66857114
21.42857114
21.60428543
21.79142843
22.27285714
22.56428586
23.19571443
23.65285743
24.02857186
23.89285771
23.748572
23.53571486
23.428572
22.73000071
22.43714343
22.38285757
22.56857171
22.907143
23.10428571
23.20714271
23.48142843
23.92428557
24.32285714
24.24714271
24.24714271
24.57285714
24.74
24.76857157
24.14571429
23.45999971
22.79142829
22.37999986
22.25285671
22.12999957
21.964285
21.90714229
22.16285671
22.905714
23.025714
22.51999986
22.31285714
22.42
22.48571443
22.29142871
21.98428586
22.12285714
22.66000014
23.01571443
23.17857171
23.71714286
24.09142871
24.344286
24.888572
25.44285757
25.77000029
25.81142871
25.88571457
26.33428586
27.04142857
27.36714271
28.09285729
28.35000029
28.59714343
28.74428629
28.54428629
28.31428643
27.72000071
26.78857171
26.394286
26.40571457
26.24285729
26.62142871
27.22999986
28.01999986
28.10000014
28.387143
28.77714286
29.34714314
29.24142886
28.444286
27.60000043
27.144286
26.54142871
25.83142857
25.19857143
24.94714286
24.92142886
24.84428586
24.87857157
24.94857143
24.90000029
24.64428586
24.124286
23.497143
23.26714286
23.04857129
22.76428571
22.642857
22.42714257
22.42142814
22.448571
22.27285686
21.93428557
21.65142843
21.345714
21.165714
20.92142843
20.96857129
21.09142843
21.34428571
21.52999986
21.48142871
21.31285757
21.16000043
20.85000043
20.681429
20.46571471
20.09714329
20.10285743
20.16142886
20.23142886
20.26000043
19.99714329
19.78428614
19.86000057
19.76285771
19.59571486
19.44000057
19.42428614
19.434286
19.46571443
19.44428586
19.61428586
19.87142857
20.10142829
20.11285686
20.19857129
20.04857143
19.967143
19.674286
19.45142886
19.25714343
19.05000043
18.74857171
18.657143
18.51285714
18.32571414
18.02142829
17.758571
17.60428529
17.53285671
17.39857114
17.18571414
17.05142857
17.02857143
17.077143
16.98714314
17.008572
17.40571471
18.01428614
18.42571457
18.65000029
18.75142871
19.00142871
19.11428571
18.89142857
18.56714271
18.68571414
18.84000014
19.05857157
19.28571443
19.63142871
20.08142871
20.56142857
20.76428571
20.75428543
20.845714
20.995714
21.15428543
21.172857
21.05142871
21.2
21.85000014
22.46285743
23.22571457
24.46285743
25.32857157
26.15142871
26.884286
27.55571443
27.58857143
27.25571429
26.42428586
25.95000029
25.93000014
26.04142886
25.72000029
25.77285729
25.68571429
25.62714286
25.57571414
25.14999986
24.56428543
24.34142843
24.37
24.88000029
25.48714314
26.22142871
26.67
26.90285714
26.922857
26.80142829
26.83428529
26.56142814
26.368571
26.25285686
26.36428543
26.73428543
27.11714271
27.43428557
27.55714257
27.56714286
27.42285714
27.15714286
26.82857157
26.10285729
25.22571443
24.85428571
24.26142829
24.242857
24.45428543
24.79142843
25.47142843
26.64714271
27.33
27.89
28.442857
28.66999986
28.50857114
28.46285686
28.21285686
27.775714
27.69285686
27.68428543
27.92714271
28.12999986
28.12285686
27.522857
27.23142829
26.99
26.45571429
25.53142871
24.85285729
24.34571457
23.74285729
23.381429
23.00428586
22.667143
22.55857157
22.46285729
22.287143
22.30000014
22.28857157
22.22428614
22.14000043
22.00571457
21.847143
21.84857171
21.88571457
21.80285743
21.707143
21.46285729
21.52714314
21.988572
22.52000043
23.211429
24.04571443
24.60428586
25.49285729
26.38285714
26.86714271
27.10714271
27.15857143
26.97
26.78285729
26.46857171
26.07857186
26.39857186
26.41571457
26.77142886
27.15285743
27.98000014
28.76428586
29.52714271
29.75714271
30.51285714
30.63285714
30.70142886
30.291429
30.12000029
29.86428614
29.394286
29.16142871
29.77142871
30.49
30.90428571
31.34857157
31.74000014
31.85428614
31.461429
30.23285757
29.12714329
28.50857186
27.42857157
26.32142871
25.74142843
25.69857143
26.03714271
26.18999986
26.23999957
26.22428543
26.41285686
26.24428571
25.68285714
25.29571443
24.797143
24.64000043
24.70000057
24.538572
24.51000043
24.41142914
24.19428614
24.16571457
23.74142857
23.31714257
22.87142829
22.40857114
22.09571386
21.78428529
21.335714
21.15142843
21.24714271
21.46571414
21.73428543
21.76857114
21.668571
21.52714243
21.49714229
21.14428529
20.738571
20.46142843
20.33428571
20.344286
20.85000043
21.19571471
21.69571471
22.041429
22.18571443
21.99714271
21.79285686
21.44285671
21.212857
20.885714
20.55285686
20.17428543
20.08571414
19.92857129
19.84571414
19.90714243
20.135714
20.59857114
21.30571414
21.78142843
22.09857114
22.50142829
22.64142857
22.80142857
22.69571429
22.45714286
22.69285714
23.27857157
23.43428586
23.49142857
23.26285714
23.28857157
23.18571457
22.73142871
21.99571443
21.40857143
21.24857129
21.10714271
21.05428543
21.07285671
21.07142814
21.118571
21.20285686
21.062857
21.13857143
21.35571429
21.51571443
22.06571457
22.35428614
22.60428614
22.43285743
22.29285714
22.03
22.05285714
22.19714286
22.55142843
23.06857129
24.01714286
25.16714314
26.45142886
27.71000014
30.04571414
32.03857114
34.13999986
36.62428586
38.63142857
39.59714286
40.16428586
39.23571443
38.54000029
37.307143
35.67571414
34.03571414
33.11999986
32.57142814
32.30428543
32.46428529
32.87857129
32.77571414
32.82142843
33.382857
33.86000014
33.78714329
33.78142943
33.79857214
34.15714371
34.26428657
33.79714371
33.17428657
32.68571486
31.734286
31.26142857
31.16857114
31.35571414
31.4
31.365714
31.51428557
31.56857114
31.20999971
30.51857143
29.64428571
29.22142843
28.61571414
28.05285686
27.58999971
27.00999986
26.41571386
25.94142814
25.20428543
24.74428557
24.34857157
24.12571457
24.244286
24.34714329
24.30714314
24.53285729
24.65142871
24.54142857
24.49999986
24.15571414
24.21857143
24.42714271
24.29857143
24.56
24.78999986
24.86857143
24.84000014
24.40571429
24.17285729
23.83428571
23.36428586
23.03000043
22.64857186
22.37857171
22.55285729
22.41571429
22.25
21.94
21.89
21.92428571
22.02857129
21.82285729
21.80714314
22.12714314
22.44857171
22.664286
22.724286
22.78000043
22.95857186
22.85571457
22.50857171
22.267143
21.93714271
22.23714271
22.33714257
21.97714243
21.86857129
22.4
23.03428586
23.74142886
23.85000043
23.85571486
23.95428643
24.025715
23.45142914
22.92571471
22.39428629
22.29714329
22.211429
22.50000014
22.677143
22.81857157
22.80571443
22.68
22.27428571
21.88857129
21.41714286
21.05142829
20.77999986
20.54571429
20.22857143
19.97857143
19.92571443
19.77714286
19.62000029
19.40285729
19.24428571
19.08571429
18.88857129
18.682857
18.44142857
18.33857129
18.29714257
18.12142843
18.012857
18.05142857
18.19571429
18.54285729
18.72857171
18.87142886
19.144286
19.44000014
19.36285743
19.52571443
19.41428571
19.41999986
19.27428586
19.10571429
19.08000029
19.09571429
19.02000014
19.14285743
19.27857171
19.684286
20.21428586
20.89428557
21.41
21.45142843
21.42142829
21.33857129
21.568571
21.53999986
21.01714271
20.96714257
21.302857
21.395714
21.27571386
20.79428557
20.30285686
19.91857143
19.587143
19.25
19.087143
18.927143
18.88571429
19.14428557
19.528571
19.72428543
19.71428557
20.25571429
21.06428557
21.59428571
22.14428586
22.59000029
23.03428571
23.67285729
23.78428571
23.94571443
24.42428557
24.49285686
24.59714257
24.93142829
25.36428529
25.80428529
26.08428529
26.35285686
26.892857
27.18571429
27.09142871
27.03857171
27.28571443
27.63428586
27.53000029
27.50571457
28.06714286
29.30999971
30.27285643
30.84142786
31.64285629
33.00571357
34.03428514
34.73428514
35.31571371
36.46142814
38.17285657
38.86285686
39.23714229
39.24571329
38.70428486
37.811428
36.40571371
35.26714271
35.47142843
36.30142871
37.23285743
38.29000029
38.92000057
39.39142957
39.405715
38.62428629
36.80714329
35.00714343
33.59000043
32.48714314
31.66714286
30.407143
29.25428586
28.82
28.88571414
29.07142871
29.74428571
30.32714257
30.95714243
32.70285686
33.86285671
35.14428557
36.03285714
36.48000014
36.68142929
36.99142957
36.63857229
36.40714386
36.10428686
36.34428629
36.49714329
37.29285757
37.88857171
38.20000029
38.87142886
38.95571457
38.46857171
38.39000043
38.25285714
37.55857129
37.15142871
36.69285743
36.99714271
38.14571429
38.72428557
39.07285729
39.56285729
39.40142857
39.22
38.44285729
37.494286
36.50571429
35.27714257
34.64285714
34.412857
34.00714271
34.00857114
33.15142829
32.71857143
32.53857157
32.27
31.84857129
31.29142814
30.83285686
31.00857114
30.95999971
30.83857114
30.57857114
30.60142829
30.78428557
30.84428557
30.47857129
29.89571414
29.35857129
29.072857
28.21857143
27.25142843
26.09714271
25.43999986
25.34285686
25.28428543
25.29714257
25.60285671
26.24857114
27.07142829
27.93285686
28.34857114
28.852857
29.032857
29.07571429
28.927143
28.82142871
28.27000014
27.95285743
27.59714314
27.80428586
27.65428571
27.49857143
27.25714286
27.41857157
27.83142857
28.02142857
27.794286
27.60571457
27.38857157
27.16285729
26.842857
26.26857157
25.50142857
24.88714271
24.81714286
24.80142857
24.88714286
24.87000014
24.89428586
25.37142871
26.04142871
26.41714314
27.40857171
28.72000014
29.70857157
30.50285714
31.03571429
31.34428571
31.842857
32.02142814
31.78571414
31.988571
32.38142786
32.76285671
33.12142814
33.59428557
33.72857171
33.66857143
33.34857186
32.96285771
32.55857171
32.06857171
31.73285714
31.452857
31.35571443
31.27285729
31.03285729
30.92857157
31.15428586
30.92571429
30.87285729
30.75
31.14714286
31.71571457
32.15571429
32.14571429
32.23142871
32.28571429
32.19285714
31.94
31.48714286
30.79571457
30.60000014
30.28142871
29.77857157
29.42571429
28.88428557
28.69999971
28.65571414
28.31714286
28.23999986
28.36857114
28.43857143
28.34999986
28.05857143
27.66428557
27.15285714
26.467143
25.52857157
24.68142857
23.877143
23.14000014
22.44000029
21.92
21.48
21.22857143
20.98857143
20.88285714
20.77714257
20.90428529
20.87999957
20.99428514
20.99428514
21.01714229
21.08571371
20.86857114
20.57285686
20.46999986
20.30857143
20.08571443
19.71428586
19.61000014
19.83857157
20.08
20.06142871
19.94285729
20.05000014
20.28285743
20.27142886
20.01142857
19.96000014
20.11142857
20.31857157
20.43857157
20.61285714
20.85857143
21.02571429
20.93428557
20.872857
20.87857114
20.79142814
20.61428529
20.27285671
20.15285671
19.99999957
20.02428529
20.03714243
20.12142814
20.03428529
19.948571
19.90857114
19.95428543
19.732857
19.53857114
19.43142829
19.44285686
19.40999971
19.362857
19.22142843
19.30142829
19.32428543
19.28142843
19.38714257
19.412857
19.49714271
19.59714286
19.46142843
19.32571429
19.03857143
18.77285743
18.71000014
18.57714286
18.62285714
18.92428586
19.30571443
20.01000014
20.45857143
20.68571429
20.79142857
20.82857143
20.427143
20.07000014
19.46857143
19.00714286
18.71
18.46285729
18.187143
18.17285714
18.14142843
18.29285729
18.467143
18.60285714
18.69142843
18.80714257
18.975714
19.10285714
18.985714
18.79714257
18.672857
18.72571414
18.92285714
18.95571429
18.84714271
18.92857157
18.90857171
18.89285743
18.71000029
18.35714329
18.41428614
18.52714314
18.80428571
19.40857129
19.99142843
20.57714271
21.31714243
21.51999957
21.70999957
21.46428543
21.07142829
20.66857114
20.31285686
19.75571414
19.38142857
18.91714286
18.61285729
18.35285743
18.03571471
17.81285771
17.55857214
17.28714329
17.30428629
17.34857186
17.35142871
17.47428557
17.35999971
17.27285671
17.24142829
17.01714257
16.85571386
16.68999957
16.51999986
16.50857129
16.57999986
16.76428571
16.97000014
16.99857171
16.98714314
16.99857171
17.264286
17.57571471
17.74428586
18.02142857
18.34
18.47857171
18.44571429
18.10714286
17.70857129
17.41857143
16.96
16.62428557
16.46142814
16.515714
16.55999986
16.74714257
16.90428557
16.96999986
16.93857143
17.07142871
16.90571443
16.76857143
16.55857157
16.35142857
16.38142871
16.39285729
16.31142871
16.52857171
16.744286
16.96142886
17.23142871
17.41428557
17.55714271
17.56714271
17.28857114
17.07714257
16.94428543
16.73142843
16.70571443
16.60000014
16.43285729
16.36142871
16.30428586
15.96000014
15.65857157
15.20142857
14.88714286
14.85714286
15.11142871
15.38714286
15.71428557
16.05714286
16.41428571
16.88857157
17.22571429
17.11428557
17.00714271
16.90857143
16.662857
16.372857
16.045714
15.71571414
15.65714271
15.57285714
15.587143
15.71571457
15.80000029
15.70714314
15.62571457
15.47714314
15.28285743
15.11428586
14.86571429
14.65142857
14.58714286
14.72428571
15.01714286
15.62142857
16.45142857
16.98714271
17.94857114
18.785714
19.11714271
19.39285714
19.46142857
19.59142857
19.93000014
19.74142871
19.39
19.27857129
18.98857114
18.57857129
17.88714271
17.312857
16.71714286
16.30142871
16.01428586
15.90857157
15.90571429
15.69714286
15.78428571
15.78142857
15.89142857
15.83714286
15.78857143
15.84714286
15.89285714
15.51428571
15.28428571
15.14571429
15.16428571
15.28857157
15.27857157
15.50571457
15.79285757
16.15571457
16.29857171
16.58142871
16.84428557
17.29714271
17.49428543
17.711428
18.04142829
18.42714243
18.84285671
19.01428543
18.89428543
18.90857114
18.95857129
18.84714257
18.48857129
17.91857143
17.34
16.85
16.51142843
16.16714271
16.01714286
16.13428586
16.05142871
16.01285729
15.997143
15.81714314
15.81571457
15.53285729
15.24857143
15.21428571
15.21142857
15.19285714
15.08857143
14.79
14.75571429
14.81285714
14.94428571
15.01285714
14.88142857
15.00857143
15.16571429
15.37142857
15.46
15.47857157
15.52285729
15.61142871
15.50571443
15.317143
15.097143
14.887143
14.74
14.51
14.71714286
14.90142857
15.29285714
15.662857
15.97857114
16.11857114
16.33428543
16.17857114
16.12428543
16.05714271
15.90142843
16.15428571
16.61
17.06857129
17.375714
17.75714271
18.19285686
18.44571414
18.33857129
18.00714271
17.62714286
17.55428571
17.262857
16.80571414
16.42714271
16.05714271
15.75571414
15.53857129
15.32142857
15.22
15.08142857
14.93142857
14.77857143
14.65857143
14.56571429
14.36142857
14.14285714
13.89428571
13.79142857
13.89571429
13.94142857
13.93714286
13.99714286
13.98285714
14.20714286
14.38428571
14.33285714
14.36571429
14.33714286
14.16285714
14.11714286
13.83285714
13.63428571
13.58714286
13.39571429
13.49142857
13.75428571
13.95
14.27857143
14.56571429
14.92
15.17142857
15.20142857
15.21285714
15.23285714
15.16
15.14
15.16142857
15.35428557
15.49857129
15.53571414
15.73857129
15.98571414
16.11428557
15.75142843
15.40571429
15.13714286
14.91
14.53
14.07428571
13.62571429
13.52428571
13.44
13.35
13.26571429
13.17571429
13.23571429
13.22571429
13.13142857
13.03714286
12.97571429
12.98857143
13.02571429
12.95
12.95142857
12.99285714
13.06
13.18714286
13.17142857
13.12
13.09
13.02714286
12.99428571
12.87428571
12.67428571
12.49714286
12.34714286
12.17428571
12.01857143
11.80428571
11.77428571
11.73571429
11.68857143
11.79285714
12.04142857
12.41714286
12.81
13.08857143
13.31428571
13.58142857
13.67714286
13.66285714
13.44571429
13.28285714
13.04571429
12.88714286
12.84285714
12.92857143
13.09571429
13.39428571
13.56857143
13.71285714
13.82285714
13.83142857
13.68714286
13.35428571
12.92714286
12.60285714
12.28428571
12.06857143
11.83428571
11.71714286
11.64285714
11.61
11.57142857
11.58
11.49
11.51428571
11.39714286
11.63
11.76714286
11.77428571
11.80571429
11.94571429
11.98428571
12.17285714
12.14285714
12.07857143
12.17714286
12.30714286
12.39571429
12.46
12.50285714
12.42571429
12.59857143
12.77428571
12.90142857
12.96428571
13.12428571
13.33428571
13.57285714
13.61142857
13.64857143
13.82
13.89142857
13.95
13.92428571
13.93142857
13.96857143
13.88285714
13.57428571
13.42857143
13.13714286
12.73857143
12.62428571
12.74571429
13.40142857
14.00571414
14.33999986
15.04571414
15.48999986
15.78571414
15.79857129
15.39428557
15.15285714
15.42428586
15.19428586
15.29571443
15.17428586
15.06428586
14.93142871
14.81428586
14.37
14.31285714
14.21714286
14.44428586
14.797143
15.04000014
15.11428586
15.097143
14.87000014
14.68285729
14.23
13.71142857
13.26857143
12.93571429
12.72428571
12.72
12.60857143
12.45
12.37285714
12.33
12.35142857
12.43
12.25714286
12.2
12.17285714
12.12142857
12.00428571
11.82714286
11.65285714
11.56571429
11.44
11.35428571
11.40285714
11.50571429
11.70142857
11.71571429
11.75857143
11.89571429
11.94571429
11.88142857
11.89428571
11.89
11.87142857
11.80142857
11.64571429
11.56571429
11.44142857
11.16428571
10.91857143
10.77571429
10.62571429
10.62857143
10.58285714
10.62428571
10.71857143
10.66
10.67
10.86142857
11.02
11.19571429
11.3
11.51857143
11.82142857
12.20571429
12.32428571
12.36714286
12.46285714
12.59285714
12.55571429
12.70428571
12.71714286
12.86285714
13.01142857
13.15428571
13.24
13.51285714
13.54285714
13.60285714
13.61714286
13.65
13.53285714
13.50571429
13.42
13.30571429
13.13428571
13.05
12.81142857
12.67571429
12.56714286
12.47285714
12.41
12.22428571
12.11142857
12.20571429
12.51142857
12.64571429
12.65285714
12.73142857
12.95142857
13.02142857
12.96428571
12.69714286
12.57285714
12.60714286
12.82285714
13.13714286
13.41714286
13.89
14.42
14.95714271
15.42428543
15.46999971
15.42857114
15.53428543
15.24142829
15.30999986
15.29714271
15.05
15.00142857
14.99
15.08857143
15.19571429
15.082857
14.9
14.72
14.50142857
14.29857143
13.88142857
13.71428571
13.35428571
12.93285714
12.66857143
12.55142857
12.41714286
12.29714286
12.03571429
11.79571429
11.64142857
11.49428571
11.32
11.12714286
11.06714286
11.15857143
11.29285714
11.35285714
11.41142857
11.50285714
11.59428571
11.64285714
11.68857143
11.63571429
11.66857143
11.68285714
11.52285714
11.41
11.19571429
11.07714286
11.00571429
10.91142857
10.79428571
10.76428571
10.88428571
10.98
11.01285714
11.13857143
11.18571429
11.34
11.48857143
11.40714286
11.37571429
11.26857143
11.10714286
11.11571429
11.09571429
11.18142857
11.36
11.48142857
12.01
12.43714286
12.73857143
12.97285714
13.04571429
13.00571429
13.06428571
12.83428571
12.61
12.59857143
12.61142857
12.7
12.93142857
12.99428571
13.01857143
13.09142857
13.10857143
13.00714286
12.90285714
12.60142857
12.48428571
12.38285714
12.24142857
12.03
11.91714286
11.81428571
11.93714286
11.87
11.77142857
11.78285714
11.90714286
12.07857143
12.18285714
12.23142857
12.27571429
12.22571429
12.05142857
11.85285714
11.75571429
11.72714286
11.6
11.56714286
11.54428571
11.60571429
11.58285714
11.50857143
11.43142857
11.31142857
11.30428571
11.33
11.38714286
11.38
11.33285714
11.31428571
11.50142857
11.59
11.82
11.99
12.16714286
12.37428571
12.36714286
12.23285714
12.15428571
11.95285714
11.80857143
11.71857143
11.60142857
11.66428571
11.70285714
11.83142857
11.88857143
11.92285714
11.93857143
11.91857143
11.94142857
11.99857143
11.89
11.96142857
12.27571429
12.52
12.76714286
13.37571429
14.09
14.86142857
15.60857129
16.18999986
16.73142857
17.03857143
16.75285714
16.99142857
16.88571443
16.42857171
15.86571457
15.76428586
16.027143
16.53285714
16.48857143
16.72857143
17.64857129
19.00428543
19.69142814
19.48571386
19.40714257
19.33285686
19.12857114
18.35142843
17.21857143
16.42285729
16.38285729
16.26142871
15.97000014
15.44714286
15.09857143
14.69428571
14.44571429
14.16428571
13.81714286
13.56428571
13.58
13.78142857
14.45857157
15.01571429
15.72857129
16.26714271
16.48571414
16.92428543
17.33999971
16.938571
16.48142829
15.90714271
15.50714271
15.332857
15.15285714
14.81714286
14.72571429
14.67
14.63
14.67142857
14.8
14.83571429
14.75142857
14.74571429
14.71714286
14.58571429
14.18285714
13.75571429
13.24714286
12.92714286
12.62571429
12.36
12.21428571
12.2
12.19142857
12.28285714
12.28285714
12.3
12.23714286
12.27
12.47428571
12.71714286
12.84285714
12.95285714
12.89714286
12.78571429
12.63142857
12.34857143
12.04857143
11.88
11.65142857
11.69857143
11.9
11.98142857
11.94857143
11.92
11.88285714
11.96714286
12.01285714
11.96285714
11.92571429
11.99
11.98714286
11.98142857
11.91571429
11.78
11.61571429
11.45714286
11.33
11.35428571
11.30571429
11.21714286
11.07571429
11.07428571
11.07857143
11.01714286
10.85
10.77285714
10.81571429
10.88285714
10.94428571
11.03571429
11.10714286
11.19285714
11.23428571
11.17
11.15714286
11.05428571
10.97428571
10.88
10.75857143
10.62571429
10.52571429
10.37714286
10.25
10.14714286
10.18
10.46428571
10.67285714
10.78428571
10.91857143
11.17
11.32571429
11.40285714
11.26428571
11.41428571
11.59142857
11.56285714
11.41857143
11.26857143
11.08285714
10.9
10.60428571
10.35142857
10.28714286
10.27
10.43857143
10.62285714
10.70714286
10.76285714
10.94285714
11.19714286
11.33714286
11.44857143
11.55428571
11.73571429
11.80428571
11.70571429
11.43571429
11.32571429
11.10428571
10.94
10.72428571
10.62428571
10.54857143
10.51142857
10.58
10.65714286
10.74285714
10.82285714
10.77285714
10.76857143
10.79571429
10.7
10.63142857
10.47
10.39571429
10.49285714
10.67857143
10.71571429
10.67
10.60857143
10.56571429
10.53714286
10.40857143
10.20428571
10.23857143
10.37
11.52571414
12.29714271
13.09428557
14.29571429
15.64571414
16.41428557
16.99857129
16.42428571
16.23428571
15.97285714
15.90428543
15.56714271
15.63428557
15.85571429
15.89857143
15.78142857
15.52428571
14.78142871
14.16428586
13.697143
13.22428571
13.28
13.54714286
13.89714286
14.12571429
14.19857143
14.21
14.17428571
13.91142857
13.56
13.39571429
13.13571429
12.95571429
12.77571429
12.62
12.51714286
12.49714286
12.29428571
12.34142857
12.47285714
12.64857143
12.74142857
12.74571429
12.98571429
13.19142857
13.19714286
13.19285714
13.15
13.20142857
13.31
13.11857143
13.13142857
13.11285714
13.23714286
13.39428571
13.44428571
13.48714286
13.47
13.42714286
13.44285714
13.34
13.35
13.32714286
13.33
13.34
13.30428571
13.26428571
13.27142857
13.20714286
13.42571429
13.92999986
14.21714271
14.45428557
15.00999986
15.21571414
15.21714271
15.08428557
14.56428571
14.28
14.27428571
13.92285714
14.06857143
14.49857143
15.20571414
15.50714271
15.89142843
16.11428557
16.28428557
16.16571414
15.99857129
15.40285714
15.35
15.64
15.69857129
15.71857129
15.75142843
15.76714271
15.89714271
16.01714271
15.682857
15.727143
15.90857143
16.39428557
16.752857
17.482857
18.64999986
19.45571429
20.39428557
21.37428571
21.75571429
22.76428571
23.07857157
22.70571429
22.78857143
23.21142857
23.872857
24.63714286
24.99714286
26.10142843
27.42571429
28.64571414
28.62428557
28.18857143
27.662857
26.94
25.51857129
24.35999971
23.83285671
23.47285657
23.44571357
23.51571357
23.53857071
24.08999943
24.27142814
24.26142829
24.77142829
24.80142843
25.02714271
25.30999971
25.35857114
25.71428543
24.87428543
23.82428571
23.13571443
22.284286
21.51428614
20.611429
19.34714314
18.86857171
18.57857157
18.20571429
18.13285714
18.05142829
18.02857129
17.92571429
17.99142843
17.72285714
17.55571429
17.61142843
17.45857143
17.57428557
18.01857129
18.17285729
18.51285714
19.41142843
19.80571414
20.18857129
20.40999971
20.57428543
20.71999943
20.91571386
20.645714
20.20142857
20.60142843
20.91714286
21.36571414
21.62714271
22.57285686
23.29999971
24.72428529
25.84999971
26.005714
26.23857143
27.19142857
27.04857143
27.02714286
26.50999986
25.902857
26.11857143
26.542857
26.28857157
26.09142886
25.80000014
25.51285757
25.05142914
24.79142914
23.88000071
23.12000043
22.654286
22.19285757
22.29571457
22.13285714
21.95714257
22.06285671
22.57142829
22.82714243
22.96142814
22.53142814
21.95999957
21.39428543
20.735714
20.12714257
19.85571414
19.972857
20.342857
20.91714286
21.68000014
22.41285743
23.15142886
23.63428614
23.77000057
23.84285771
23.90142914
23.81571471
23.90000014
24.33285714
24.76999986
25.84999971
26.61285686
27.30999986
28.12999986
28.61571443
28.45285743
28.51571471
27.828572
27.11428629
26.85857186
26.73857186
26.90857157
26.957143
27.01285714
27.212857
27.542857
27.38428543
26.99857129
26.43428571
26.13857143
25.62285714
25.26857157
24.94428571
24.68000029
24.16000014
23.82714314
23.53285757
23.838572
24.00428629
24.21285786
24.43714343
25.24428614
25.93000029
26.76571429
26.74
26.87428543
27.12714271
28.06428557
28.734286
28.491429
28.55714343
28.59428629
28.38142929
28.15714329
27.431429
26.52285714
26.51142829
25.90714271
25.34428543
25.015714
24.65714257
24.13857129
23.64428571
23.16571457
22.76571429
22.66571429
22.66999986
22.75714286
22.80428571
22.53428586
22.25000014
21.867143
21.65571443
21.28571471
20.77714329
20.38857157
20.25428571
20.14999971
20.16571414
20.20714286
19.92285686
19.625714
19.45999986
19.26285686
19.27571414
19.15571414
18.95857114
18.80285714
18.77428571
18.59714286
18.32428571
17.85857129
17.51714271
17.25571414
17.36999971
17.37999957
17.64999943
18.12714229
18.498571
18.65999943
18.69571371
18.87285657
19.18571386
19.36428529
19.21999957
19.861428
20.57285686
21.33714257
21.94999986
22.39142843
22.45142843
22.78285729
22.43571443
22.31
22.08142857
21.90285714
21.80428557
21.97571429
22.00285686
22.402857
22.57428571
22.91285729
23.02428571
23.49285729
23.83000029
24.49285771
24.38142914
24.63714329
24.87142886
25.42000029
25.78571457
26.32285743
26.22571443
26.49142871
26.32285714
25.95999986
25.05857129
24.03428543
23.305714
22.99285686
22.88142829
22.59285714
22.33
22.58142871
22.76142886
22.76857157
22.51571429
21.94428571
21.81857129
21.74
21.33714286
21.13714286
20.85999986
20.74571429
20.65285714
20.62857143
20.717143
20.76
20.56714286
20.17571429
20.26571414
20.39571414
20.22142843
19.95714257
19.98999971
20.29999971
20.67428557
21.11142871
21.47857143
21.88999986
22.75285686
23.305714
23.648571
24.25285671
25.348571
26.38285671
28.322857
29.41285686
30.49142829
31.84285671
33.27999971
33.77857086
34.138571
33.92714257
35.87285729
36.91857143
37.77000043
39.13285714
40.55428571
43.30142843
46.00714243
47.55142786
51.05571343
55.36142714
56.75142771
58.17857086
60.63571386
62.625714
64.45428586
62.89000057
60.48428686
62.57857257
64.38857286
65.800001
67.578572
67.097143
69.52428557
70.92285714
69.528571
67.51142771
63.02571386
59.38285714
58.91428586
56.93428571
56.51714257
56.73857114
58.56428529
60.292857
61.971428
62.75285686
64.40142843
66.44142871
69.21571471
70.10285743
70.798571
70.02571443
67.99285671
66.22714243
65.40571386
62.851428
61.14428557
60.99285729
60.85428557
61.36428614
61.88285771
60.05714314
59.02857157
58.10857129
57.125714
56.04571386
54.80999929
53.15714214
51.614285
50.01142814
48.68857114
46.89571414
45.61142871
44.76285757
43.94714343
43.24285771
42.47571457
41.62714343
40.82000086
40.82142914
40.63000043
40.80000029
41.634286
42.21714329
43.65428571
45.43142843
45.82000014
47.83285743
48.34714286
48.55428586
49.12571443
48.63285729
47.38285729
46.46142857
44.45857129
44.23285729
43.98
43.37857157
43.11571429
43.32714286
43.85714271
44.00142814
44.26285643
44.12142771
43.86285614
43.73142786
44.43571357
45.16285643
45.65428543
46.02999986
47.18571414
47.79142871
48.03999986
47.46857129
47.16714257
47.96285686
48.19571414
47.47285729
48.14142814
48.807143
49.52428586
49.24142886
47.95000014
46.557143
45.81428586
44.895715
43.67714314
42.30285757
42.20428629
42.53000029
42.82285743
42.90428586
42.69142843
42.62857157
42.76857157
43.034286
42.784286
42.64857157
42.52142886
42.15714329
42.23857171
42.14571429
41.18999957
40.10285671
39.46428557
38.83999943
38.33571329
37.60142771
36.67999914
36.72714229
36.81428514
36.85571329
36.78142814
36.87428557
37.235714
37.80857143
37.36571457
37.27428614
36.87428629
36.50000014
36.00571457
35.16714329
34.52285729
33.94714257
33.428571
32.928571
32.80285714
32.51857143
32.61428543
32.15714271
31.692857
31.14428586
31.08000029
30.93428586
30.827143
30.71857186
30.92285757
30.94000057
31.08428629
30.83857186
30.60857171
30.54571443
30.15428586
29.88285729
29.79000014
29.56428557
29.347143
28.937143
29.02714286
29.46428557
29.71714286
29.96857157
29.90142886
30.33857157
30.68571443
30.43428586
29.53142886
28.73000014
28.06142857
27.82714286
27.11999986
26.74428571
26.737143
27.37857143
28.14571414
28.77857143
29.16
29.17285714
28.75428557
28.30999971
27.53428543
26.53999986
25.77142829
25.03571414
24.62999986
24.402857
24.00285714
23.84000014
23.93571443
24.10857171
24.327143
24.67714314
24.98142871
25.23857143
25.32714271
25.42142843
25.29999971
25.24142829
25.25142829
25.23571429
25.21
25.12
25.43714271
25.63999986
25.82142843
25.692857
25.62999971
25.69142829
25.78428543
25.36428571
25.15
24.93571429
25.06714286
25.65857143
26.19571443
26.507143
26.55142857
26.68571443
26.62285729
26.27142857
25.55714286
24.837143
24.31142871
24.08714314
23.80571443
23.74857157
23.82142871
23.66857157
23.61571429
23.83428586
24.10857157
24.28428571
24.46571443
24.68714329
25.42857186
26.17000043
26.44000029
26.45285743
26.42428614
26.28000029
25.924286
25.17285743
24.36000029
23.791429
23.22285729
22.75857157
22.37428586
22.05714286
21.94428557
21.61571429
21.53142843
21.90142843
22.38714271
23.30428557
23.85571414
25.06571443
26.36428586
27.29857143
27.78571429
27.87142857
27.34000014
27.11000014
25.98857143
25.02571429
24.37285729
23.75000043
23.38714314
23.13285729
22.91571429
22.88571414
22.76428557
22.32428557
21.91142814
21.56714257
21.89999971
22.31142843
22.21
22.05714286
22.242857
22.35428571
22.58571429
22.43571443
22.17142871
22.22857157
22.29571429
22.10857157
22.14285729
21.92000029
21.75142871
21.61142871
21.35000014
21.05714314
20.85142871
20.56285714
20.47571414
20.11857129
19.87285686
20.04285686
20.11428543
20.062857
20.01857143
19.89428557
19.625714
19.28142829
18.79142829
18.478571
18.23285657
18.05428514
17.84285671
17.92142829
18.59571414
19.88999971
20.96999971
21.95857114
22.70571386
23.58428529
24.43285686
24.47857114
23.64571414
23.10142843
23.32
23.744286
24.14142886
24.33857157
24.74000014
25.09428571
25.25571429
24.70857143
24.08142829
23.24142814
22.38714243
21.60714257
21.23714286
20.88571429
20.57857143
20.26142871
20.06571457
19.92857157
19.77
19.39142829
18.98428543
18.65428557
18.42857129
18.32999986
18.18714271
18.00857129
17.90571429
17.94428586
17.81857143
17.63285729
17.40428571
17.234286
17.05857171
16.99428586
17.09571429
17.21857143
17.35714271
17.37999986
17.48285686
17.64285671
17.56714257
17.25714257
17.092857
16.93428557
16.792857
16.50571414
16.32428586
16.12000014
16.07142871
16.32000014
16.44285729
16.384286
16.49000029
16.52857143
16.67571443
16.90142857
17.53714257
18.07142829
18.45857129
19.27714257
19.80857143
20.83999986
21.90285714
23.33
26.16857157
27.65428571
28.55000014
29.31142857
29.71714286
30.62142857
30.34142871
29.28428557
30.20999986
32.70571429
34.78857114
36.45142829
36.932857
37.52999986
36.97714286
36.51285714
35.04857143
33.63000029
32.36428586
32.48857143
32.71
33.28428586
33.52142871
32.81142857
32.61428586
32.48857171
31.11571471
29.59428614
28.35857157
26.96142886
26.14857157
25.89999986
25.66142843
26.21428543
26.58714271
27.15142857
28.60571429
29.98571457
30.81571486
31.27428643
31.26142929
31.02000057
30.55000043
29.24285743
27.79857157
26.612857
25.86571386
25.221428
25.13714229
25.17428514
25.02428514
25.19714214
25.20714214
25.004285
24.65999943
24.22285671
23.97714257
24.00571386
23.69999971
23.32571414
23.20571414
23.13142829
22.97571386
22.61714243
22.33285671
22.17142829
22.65428529
23.09714257
23.672857
24.24428557
24.61428557
24.96428571
25.54571429
25.56000014
25.55000014
25.72428571
25.81000014
26.244286
26.22428614
26.33428586
26.41428571
26.16142843
25.55142871
24.78142843
24.27142814
24.09999943
23.471428
22.89142814
22.508571
22.27571357
22.38857086
22.091428
21.91428514
21.72714243
21.778571
21.96428543
22.29428571
22.23857129
22.35571443
22.44000014
22.69000014
22.88285743
22.88142886
22.83285743
22.84000043
22.69000029
22.54142871
22.17857143
21.50142829
20.99142829
20.35428529
20.08571371
19.73428529
19.38142829
19.36999971
19.48857143
19.53714286
19.49571443
19.49142886
19.66142857
19.892857
19.92857129
20.12999986
20.49571414
20.89428543
20.85285671
20.60999971
20.25999986
19.89000014
19.58714286
19.10714271
18.68857114
18.83857143
19.07857157
19.69571443
20.19142857
20.14428571
20.08285743
20.04428629
20.04714314
19.95571429
19.90428557
19.87142857
20.55571443
21.03000014
21.17571414
20.80142857
20.58142871
19.97714314
19.43571443
18.53714286
18.00142857
17.73857143
17.68142871
17.67000029
17.58428586
17.35142886
17.23142886
17.07142871
16.77142886
16.60857143
16.56999986
16.58857143
16.75571429
16.91428571
17.09428571
17.40285729
17.53285729
17.44000014
17.42285729
17.402857
17.40571429
17.282857
17.08714257
16.945714
16.72285686
16.50428543
16.52857114
16.59285671
16.818571
17.01999957
17.19142829
17.35999957
17.39999957
17.78999986
18.01
17.89
17.83999986
17.71142857
17.61000014
17.62857171
17.02428586
16.50142857
16.28142871
16.05142886
15.94571443
16.00857171
16.07142857
16.18285714
16.26285714
16.93571414
17.855714
18.62285686
19.02999943
19.26285671
19.89428529
20.50428543
20.18999986
19.75142843
19.65714271
19.74285714
20.00999986
20.13428543
20.04571386
20.40714229
21.158571
22.40714243
23.34285686
23.94571429
23.764286
23.78285729
23.50285743
22.60000029
20.95857171
19.96857171
19.07142871
18.65714271
18.30428571
18.05142857
17.98
17.88571429
17.522857
17.37285714
17.39571457
17.23142886
17.18714314
17.104286
16.964286
16.73857171
16.71714286
16.42571414
16.20857129
15.86571414
15.70142843
15.60857129
15.612857
15.27857143
15.12428571
15.25571429
15.54285729
15.73000014
16.09857171
16.534286
16.89714314
17.06285743
17.20000043
17.10428614
17.10285757
17.10857171
16.987143
16.85428586
16.79857157
16.86714286
17.18714271
17.29428557
17.12714271
16.91857143
16.88285714
16.87285714
16.99714271
16.97142843
16.99
17.19285714
17.47571429
17.877143
18.20857157
18.28857186
18.50571486
18.55000043
18.95428614
19.62000043
20.05714314
20.374286
20.374286
20.21857157
20.36571457
20.334286
20.02428586
19.64142871
19.25285729
18.91857143
18.54
18.07857114
17.39857114
16.73999986
16.27999986
16.43999971
16.91857129
17.49571414
18.172857
18.62857143
19.34285729
19.80857143
19.90857157
19.57857129
19.23714271
19.03
19.12999986
19.41999971
20.06714271
20.94714271
21.81857143
22.857143
23.43285714
25.06571429
26.35428571
29.82
31.22142871
33.98285757
36.01285743
37.86714343
37.89714357
38.01857186
35.67285757
36.76
36.768571
37.25999943
37.24714214
37.82285657
38.80999943
39.38285657
37.898571
36.44714243
34.90142843
34.26571414
33.98285643
33.588571
33.27285686
33.56428557
34.36857143
35.36428557
36.09142843
36.18857129
35.46999971
35.12714243
34.89999957
34.09142829
33.90999971
34.54428514
35.49428543
36.50142843
37.46285686
38.65571429
39.50999986
40.315714
40.90142871
40.84000014
40.66714314
40.461429
39.764286
38.93285743
37.49000057
35.46285757
34.01714343
32.65000043
32.23857171
31.57571429
31.77857129
32.05285671
32.06142814
31.85571371
32.42428529
31.91999986
31.04857129
29.63285729
28.94428586
29.437143
29.93428614
29.68857171
29.73142871
30.35857171
30.78000014
31.66571457
31.38571471
31.00000029
31.09000014
31.24142857
31.76428543
32.76857086
32.17428514
32.18857071
32.46428471
32.87142771
33.33571371
33.13857129
32.58571429
31.98571414
31.19999986
30.56428571
29.68714286
28.78142829
28.28714243
28.27999971
28.07714257
27.82857114
27.52714257
27.26999986
26.83857157
26.21285743
25.40285743
24.95142886
24.34571457
23.73857171
22.98000014
22.52285714
22.412857
22.08857129
22.11428571
22.33428557
22.485714
22.59285686
22.40999957
22.05999957
21.77999971
21.44428529
21.08714243
20.89999971
21.002857
21.03999986
20.86857143
20.52428571
20.18428586
19.96142886
19.59000014
19.07142857
18.734286
18.667143
18.83285729
18.81571429
18.68285714
18.51000014
18.39428586
18.26857143
18.09142857
17.975714
18.29571429
18.447143
18.79571457
19.27857157
19.50285714
19.44857157
19.38571471
19.01428614
18.69428586
18.37571414
17.95428586
17.77428586
17.86714286
17.73428557
17.60571414
17.78428557
18.29285729
18.41857143
18.41714314
18.22857186
17.99714329
17.64142886
17.25000043
16.47142886
15.814286
15.39857157
15.18
15.10714286
15.21714286
15.14714286
14.98142857
15.14142857
15.20285714
15.18857143
15.24142857
15.25142857
15.37142857
15.68285729
15.84142886
16.31857157
17.02
17.66571429
17.88857157
18.44428571
18.88857114
19.13999943
19.11571371
18.825714
18.45714271
18.70999957
18.50285686
18.112857
17.79571429
17.46428586
17.29142857
17.17142843
16.872857
16.795714
17.12999971
17.51571414
17.905714
18.32428543
18.64285686
19.07285686
19.68857143
20.08999986
20.565714
21.342857
22.05999986
22.51428557
22.88428571
22.94999986
22.88857157
22.81571443
22.32142886
22.18428586
22.47714286
23.07428571
23.61571443
24.06428571
24.12142857
24.21999971
23.80428557
23.732857
23.07999986
22.815714
22.38714257
22.23714271
21.75142857
21.34428557
20.44142857
20.15428571
19.27428586
19.08857143
18.88999971
19.05142843
19.24142843
19.21857129
18.74999971
18.54285671
18.13142829
17.75714271
17.54714257
17.405714
17.52999986
17.74857143
17.76
17.70428586
17.61571443
17.35571443
16.88857171
16.64857157
16.69000029
17.22285729
17.54142857
17.69142871
17.76857171
18.13714329
18.51714329
18.56571443
18.15142886
17.62285743
17.397143
17.29571429
16.90857129
16.38714271
15.78428571
15.23142857
15.11857143
14.93
14.68714286
14.42
14.24
14.28
14.48142857
14.64
14.71857143
15.01285714
15.44714286
15.88142843
16.282857
16.61999971
16.90857114
17.27428543
17.16714257
16.865714
16.75428571
16.55142857
16.31285729
15.75142871
15.29000014
15.14571443
15.117143
14.77428571
14.44
14.18
14.19428571
14.32571429
14.642857
14.73714271
15.00142843
15.322857
15.56999986
15.752857
15.62714271
15.27285714
15.31142857
15.40285729
15.39857171
15.38142886
15.48285729
15.58571443
15.71285729
15.707143
15.51571429
15.625714
15.772857
16.15714286
16.59428571
17.00857157
17.4
17.91
17.85714314
17.99571443
17.937143
17.83000014
17.96714286
18.06428586
18.06571457
18.06428586
17.93000014
17.85857157
17.917143
17.53571443
17.07142871
16.56714286
16.37142857
16.15571429
15.81
15.51428571
15.38571429
15.36
15.47285714
15.662857
15.94571429
16.082857
16.17714271
16.232857
16.37428543
16.33142829
16.232857
16.15285671
16.22999971
16.195714
16.14857114
16.33571429
16.63571429
16.90571429
17.08857157
17.44285729
17.89
18.91142843
19.005714
18.57857114
18.10999971
17.53714257
16.72428543
15.88857129
14.61571429
13.96857143
13.78
13.63142857
13.59142857
13.53857143
13.53142857
13.33857143
13.18714286
13.05857143
12.94
12.84571429
12.86714286
12.83
13.09571429
13.36
13.42285714
13.70571429
13.82428571
13.80142857
13.82857143
13.64285714
13.45142857
13.41428571
13.17285714
13.02142857
12.88571429
12.71571429
12.95285714
13.27857143
13.49714286
14.35571429
14.957143
15.28142871
15.73857157
15.83571443
15.66285729
15.56428586
14.78428586
14.24
13.93428571
13.37
12.92857143
12.61714286
12.30571429
11.98714286
12.03
12.28714286
12.44571429
12.69142857
12.94
13.28857143
13.49857143
13.46857143
13.22714286
13.35714286
13.18428571
13.27571429
13.29714286
13.46142857
13.46714286
13.48714286
13.31285714
13.23571429
12.92857143
13.41142857
13.41714286
13.89142857
14.56571414
14.93857129
15.24571414
15.44857129
14.92571414
14.87714271
14.462857
13.91285714
13.70571429
13.72
13.73571429
13.62714286
13.49
13.37857143
13.22857143
13.17285714
12.90142857
12.75285714
12.74142857
12.76285714
12.79714286
12.76714286
12.75142857
12.86285714
13.04428571
13.23
13.39857143
13.6
13.94
14.15571429
14.57428557
14.92571429
15.24
15.74142857
16.04857129
16.092857
16.222857
16.33285714
16.662857
16.682857
16.632857
16.65714271
16.86714286
17.03857129
17.52714271
17.57142843
18.1
18.28857129
18.34714271
18.382857
18.41428586
17.82571457
17.47428614
16.91571471
16.40428629
16.05714357
15.698572
15.32000043
14.98285743
14.61142871
14.26714286
14.2
14.05714286
13.97428571
13.73571429
13.49
13.32142857
13.23428571
13.02714286
12.87571429
12.82142857
12.94285714
13.10857143
13.14857143
12.97714286
12.81571429
12.81571429
12.75714286
12.66285714
12.65714286
12.63857143
12.68571429
12.85714286
13.14428571
13.34285714
13.68142857
13.89571429
14.34285714
14.69285714
14.82714286
14.86428571
15.20714286
15.40571429
15.67714271
15.82999986
16.09428571
16.36571429
16.47714286
16.34571429
16.22285714
15.897143
15.44142871
15.11
14.86428571
14.66571429
14.47714286
14.18571429
13.99
13.89
13.89285714
13.88142857
13.82857143
13.76142857
14.02857143
14.52
14.86571429
15.19285714
15.70571429
16.09571429
16.86
17.55714286
17.98571429
18.12
17.99428571
17.76571429
18.04
17.36857143
16.38857143
15.45142857
14.97714286
14.63571429
14.25714286
13.47714286
13.24571429
13.22142857
13.27428571
13.34428571
13.40428571
13.38428571
13.34571429
13.37142857
13.28
13.35142857
13.24428571
13.07
13.00428571
12.94571429
12.81714286
12.74857143
12.63285714
12.70285714
12.82714286
12.80428571
12.76714286
12.82714286
12.91571429
12.89857143
12.94285714
13.06142857
13.33142857
13.68
14.00714286
14.14714286
14.22
14.25
14.42
14.56142857
14.71285714
14.84857157
15.19428571
15.23857143
15.27285714
15.04
14.68285714
14.21428571
13.68571414
13.15
13.11571429
13.05428571
13.11714286
13.22
13.37285714
13.45714286
13.51571429
13.42
13.19428571
13.05857143
12.84714286
12.66571429
12.61
12.54857143
12.54571429
12.64571429
12.71571429
13.552857
14.28714271
14.75428557
15.45571414
16.08714286
16.88285714
17.97857157
18.11714329
18.478572
18.68285771
18.388572
18.09857186
17.541429
16.52142886
15.81142871
14.9
14.42
14.45
14.38285714
14.40714286
14.39714286
14.33
14.44142857
14.46571429
14.25142857
14.42428571
14.34142857
14.29285714
14.37
14.33571429
14.35857143
14.47285714
14.25428571
14.55714271
15.11857129
15.322857
15.38142843
15.512857
15.472857
15.54857129
15.38714286
14.84428571
14.74285714
14.75714286
14.65571429
14.56428571
14.29285714
14.00714286
13.91428571
13.77571429
13.91142857
13.98
13.97142857
14.37
14.93285729
15.324286
15.56000029
15.36142886
15.14285743
15.06142886
14.67571457
14.13857157
13.74
13.51857143
13.48857143
13.53857143
13.56142857
13.57
13.51857143
13.51428571
13.47714286
13.39571429
13.35571429
13.28571429
13.14
13.02857143
12.86857143
12.77857143
12.64142857
12.49714286
12.50285714
12.45714286
12.44285714
12.32714286
12.09
11.98142857
11.86
11.63714286
11.59
11.56714286
11.67
11.69428571
11.55857143
11.49857143
11.44
11.44285714
11.54142857
11.55571429
11.69428571
11.88428571
11.80714286
11.75428571
11.64714286
11.42142857
11.41428571
11.26285714
11.20142857
11.29428571
11.43
11.47285714
11.45
11.19142857
11.15428571
11.20428571
11.26
11.40571429
11.53857143
11.68142857
11.91571429
11.86857143
12.23428571
12.29285714
12.32428571
12.34714286
12.30428571
12.28714286
12.52857143
12.24571429
12.42
12.49428571
13.167143
13.954286
14.42285743
15.02000043
15.56428629
16.04714343
16.39571486
16.00714329
15.59285743
15.27571457
14.64000014
14.18
13.56
13.05142857
12.70142857
12.36285714
12.15857143
12.05571429
11.83857143
11.76142857
11.73857143
11.78285714
11.85285714
11.98
12.11428571
12.18
12.30571429
12.51285714
12.62571429
12.70428571
12.84
13.05142857
13.14285714
13.14142857
12.93142857
12.82142857
12.94857143
13.18
13.05857143
13.47428571
13.78857143
14.35285714
14.952857
15.38428543
15.55999971
15.74285686
15.71714257
16.052857
15.92857129
16.27857143
16.92571443
18.13714286
19.31428586
20.71571443
21.85857157
22.84142871
22.81428586
22.077143
21.11000043
20.21571471
18.90714343
17.598572
16.51285771
16.02428629
15.80142914
15.25285757
14.99571457
14.82142871
14.55428571
14.45142857
14.16142857
13.89714286
13.73857143
13.49428571
13.33714286
13.21428571
13.26
13.36571429
13.55
13.64428571
13.62714286
13.46
13.30857143
13.03428571
12.95857143
12.98714286
12.88285714
12.82571429
12.79142857
12.74
13.04571429
13.33428571
13.95857157
14.99142871
16.217143
17.36571443
19.03428586
19.78142886
19.99000014
19.69857143
19.00857143
18.11142857
17.24714286
15.95142857
15.32571414
15.19857143
15.58571443
15.94857171
16.68000029
17.64428614
18.33142886
18.61000029
18.84285729
18.9
19.295714
19.51857114
19.69999943
19.93428543
20.34571386
20.53142829
20.07428543
19.51714271
18.66571414
17.92714271
17.85428557
17.69285714
17.99571414
18.42857129
18.52428557
18.92571414
18.87285714
18.42285714
18.392857
17.85857143
17.50571414
17.22142843
16.70142843
16.55142843
16.28857114
15.822857
15.40428557
15.06142857
14.82571429
14.70428571
14.43428571
14.13285714
13.81142857
13.74857143
13.70142857
13.75142857
13.94571429
14.11
14.58857157
15.13571457
15.35857171
15.61142886
15.83571457
15.90142886
15.74571457
15.37142871
14.82142857
14.53428571
14.19428571
14.17
14.19
14.34714286
14.41
14.73428571
14.97714286
15.12714286
15.02714286
14.88142857
14.72571429
14.52285714
14.13571429
13.96857143
13.82571429
13.55428571
13.24285714
13.23
13.26
13.35571429
13.18
13.01
12.93142857
13.00571429
12.79428571
12.80714286
12.99285714
12.99142857
13.04428571
13.33285714
13.62285714
14.01142857
13.93571429
13.83571429
14.00142857
14.13142857
13.90714286
13.51142857
13.16857143
13.16714286
13.02857143
12.77857143
12.54571429
12.73428571
12.86142857
12.94428571
13.08571429
13.24142857
13.54571429
13.76428571
13.85714286
13.99142857
14.27428571
14.36428571
14.25714286
14.05857143
14.07571429
14.17285714
14.25857143
14.14571429
13.96285714
14.06857143
14.05285714
13.81428571
13.51
13.39571429
13.32714286
14.13571429
14.74571429
15.22428571
15.89285729
16.42857157
16.72571443
17.53142871
17.69142857
17.49142857
17.17857143
16.68999986
16.14999986
15.58142843
14.47999986
13.37714286
12.71857143
12.46428571
12.36
12.43285714
12.93142857
13.14428571
13.18
13.16714286
13.16714286
13.15571429
13.05
12.60857143
12.65571429
12.78285714
12.79714286
13.02428571
13.17428571
13.24428571
13.29
13.18285714
13.24
13.67142857
14.44714271
16.50714286
20.40000029
23.71285743
26.184286
27.94285743
29.48571443
30.81285743
31.29428586
29.20142843
27.71428571
27.35428557
27.182857
27.20857143
26.62857157
25.45714314
25.194286
24.75571457
23.83428614
23.29714314
22.73285757
22.12857157
22.02000014
21.71714286
21.84999971
22.17428557
23.10142843
23.75142829
24.37428557
24.38999957
24.21999986
23.65857157
23.05571429
21.737143
20.39285729
19.33285729
18.42142886
17.95428586
17.73857157
17.26
16.78142857
16.43285714
16.24285714
16.31857157
15.85857157
15.34857143
15.24000014
15.29428586
15.20142871
15.03857157
14.80571429
14.76285714
14.77428571
14.80571429
14.75142857
14.75142857
15.02428571
15.05571429
15.32857129
15.87571429
16.52857143
16.97285714
17.61714286
17.66428571
17.90714286
17.82285729
17.43
16.83714286
16.41285714
15.88142857
15.77857129
15.44714271
15.50999986
15.86571429
15.70571429
15.79857143
16.15285714
16.65000029
17.31714314
18.52857157
19.18857143
20.06571443
20.354286
20.54571471
20.701429
20.61000057
19.49714357
18.47428643
17.73000057
17.59428614
17.18571457
16.69857171
16.62857143
17.21428586
17.75285729
18.44571443
19.60000014
21.16142871
22.162857
22.77142843
23.41714243
24.075714
24.99428543
25.14571386
25.228571
25.56999986
25.55142857
25.39857157
25.19142857
24.63285729
24.114286
23.05857186
22.10000029
22.04857171
21.69142886
21.59714314
21.63571429
22.14714286
23.05285714
23.95428586
24.83428571
25.37
25.69428586
25.54142871
24.91857143
24.06
23.07285686
22.04999986
21.38142829
20.66714257
20.30999971
20.15428543
19.74999971
19.422857
18.81142857
18.26000029
18.00857157
17.84571457
17.53000043
17.58000014
17.49571443
17.52714286
17.52428557
17.18714271
16.582857
15.96571414
15.35714286
15.02428571
14.74142857
14.44142857
14.47714286
14.38857143
14.32285714
14.34571429
14.19285714
14.07571429
14.17285714
14.00857143
14.34285714
14.6
14.93
15.18
15.14
14.89714286
14.83
14.42857143
14.12571429
13.7
13.57142857
13.48285714
13.53428571
13.58285714
13.64285714
13.92571429
14.27142857
14.37571429
14.71571429
14.99714271
15.27571414
15.41142843
15.31857129
15.022857
15.02428557
14.85428557
14.71
14.53428571
14.65571429
14.85285714
15.23857143
15.31142857
15.51285714
15.42428571
15.31285714
15.00714286
14.60285714
14.29714286
14.15428571
13.84142857
13.70571429
13.67
13.75857143
13.89571429
13.96
14.36428586
15.41285714
16.41714286
17.34428557
18.10428571
18.86571429
19.39857157
19.60571429
19.63428586
19.17000014
19.97285743
20.61285729
20.51857157
20.27142843
19.86428557
18.94999986
18.71142843
17.16857129
15.86999986
15.07714271
14.63428571
14.33714286
14.09
13.69571429
13.36857143
13.03714286
12.86142857
12.60857143
12.49285714
12.34714286
12.35428571
12.40857143
12.46428571
12.57142857
12.58571429
12.54285714
12.73571429
12.73428571
12.64428571
12.43857143
12.26428571
12.23428571
12.17857143
11.93714286
11.75
11.66285714
11.84142857
11.94
11.90714286
11.80571429
11.89
12.00857143
12.24285714
12.38428571
12.59285714
12.80857143
13.06285714
13.22714286
13.38428571
13.17428571
12.94428571
12.7
12.63857143
13.26428571
13.51285714
14.13714286
15.01714271
15.62857114
16.11857114
16.54999971
16.32428543
16.05857114
15.225714
14.38999986
14.13285714
13.80857143
13.36
13.08857143
13.08714286
13.30857143
13.5
13.28428571
13.24714286
13.40285714
13.31142857
13.60714286
13.94142857
14.37857157
14.82571457
15.307143
15.56428586
15.71142871
15.48142871
15.11428586
14.59
14.20999986
13.92857143
13.94
14.19428586
14.66714286
15.412857
16.312857
17.54428557
18.72571414
19.20428543
19.568571
19.185714
18.63999986
17.90428557
16.81857129
15.512857
14.8
14.03
13.81142857
13.48
13.22857143
12.93571429
12.78857143
12.70714286
12.64285714
12.71142857
12.94714286
13.19142857
13.15
13.07142857
12.93857143
12.90142857
12.67571429
12.47142857
12.27142857
12.42142857
12.56428571
12.56142857
12.42857143
12.38571429
12.19
12.00571429
11.75571429
11.64142857
11.74857143
11.98571429
12.35571429
12.58142857
12.64142857
12.67428571
12.57857143
12.38
12.11142857
11.71428571
11.52714286
11.43857143
11.46714286
11.63285714
11.80714286
11.81428571
11.88714286
11.82
11.76
11.58285714
11.31142857
11.18285714
11.24714286
11.25285714
11.37571429
11.39857143
11.50428571
11.60571429
11.54428571
11.38571429
11.24857143
11.12571429
11.09285714
11.17857143
11.24571429
11.25142857
11.35
11.47714286
11.56857143
11.67285714
11.69
11.85571429
12.00571429
12.04
11.92857143
11.86142857
11.85857143
11.82571429
11.73714286
11.61142857
11.54571429
11.73714286
11.79285714
11.75857143
11.67571429
11.53857143
11.65428571
11.86285714
11.98
12.17
12.35428571
12.39
12.40142857
12.26857143
12.20571429
12.1
11.93285714
11.98857143
12.11142857
12.31857143
12.67714286
13.06285714
13.54714286
14.14285714
14.39571429
14.68571429
14.98
14.99428571
14.93142857
14.22714286
13.48428571
12.94
12.36
11.77285714
11.19571429
10.61857143
10.59571429
10.55285714
10.51285714
10.42857143
10.30571429
10.32
10.32142857
10.28142857
10.27571429
10.28714286
11.11857143
11.79
12.05142857
12.09857143
12.14428571
12.08714286
11.99285714
11.16714286
10.55571429
10.32285714
10.17428571
10.03571429
10.04285714
10.10857143
10.19142857
10.16
10.20142857
10.42571429
10.52142857
10.60285714
10.66714286
10.66571429
10.69571429
10.71857143
10.61714286
10.62571429
10.53714286
10.39428571
10.49142857
10.44285714
10.52571429
10.58714286
10.69285714
10.84285714
11.22
11.23857143
11.39285714
11.31428571
11.18857143
11
10.77714286
10.38857143
10.20285714
10.01428571
9.827142857
9.692857143
9.625714286
9.614285714
9.582857143
9.614285714
9.685714286
9.782857143
9.887142857
10.00857143
10.15285714
10.21428571
10.18857143
10.28428571
10.40571429
11.25571443
12.00285729
12.27285729
12.56000014
12.81857157
13.47428586
13.92428586
13.51714286
12.92285714
12.91142857
12.93857143
12.87285714
12.26857143
11.90285714
11.62142857
11.51285714
11.21
11.21
11.26
11.29285714
11.35285714
11.28285714
11.28142857
11.33428571
11.07857143
10.87
10.67
10.39285714
10.25714286
10.12714286
9.997142857
9.964285714
9.964285714
9.924285714
9.834285714
9.795714286
9.764285714
9.752857143
9.67
9.53
9.498571429
9.61
9.691428571
9.748571429
9.805714286
9.802857143
9.905714286
10
9.962857143
9.958571429
9.975714286
10.14142857
10.36285714
10.55142857
10.69285714
10.65428571
10.71857143
10.74857143
10.62428571
10.44857143
10.15
9.878571429
9.891428571
9.788571429
9.834285714
9.99
10.21428571
10.56428571
11.09714286
11.36428571
11.6
11.62142857
11.39857143
11.16714286
10.89285714
10.42714286
10.18
10.07571429
10.16571429
10.40857143
10.66571429
10.90285714
11.06714286
11.08571429
10.92571429
10.64857143
10.43285714
10.21857143
10.09857143
9.87
9.78
9.844285714
9.898571429
9.855714286
9.815714286
9.781428571
9.931428571
10.02428571
10.16857143
10.17571429
10.10857143
10.01142857
9.864285714
9.728571429
9.714285714
9.54
9.555714286
9.7
10.04857143
10.43285714
10.81857143
10.98857143
11.16142857
11.33571429
11.52285714
11.51142857
11.39285714
11.62428571
12.12714286
12.48571429
12.82428571
13.65857129
17.33571414
20.03571414
22.01999986
24.68714257
26.90428529
28.63857114
29.73285686
27.15285686
25.60285671
24.421428
22.58428529
21.29285686
20.30857086
19.09714243
18.60285671
18.525714
18.58142843
18.84857114
18.78714257
18.78857129
19.05571429
19.33571429
19.04285729
18.29857157
17.34285743
16.88000029
16.66571457
16.41285729
16.13285729
16.48714286
16.99571443
17.29285743
18.29142886
19.38285757
20.01714343
20.97428629
21.52428643
21.77714329
22.60000043
22.28000043
21.59285729
21.29428586
21.15000014
20.99285714
21.06428571
20.58142843
20.20857129
19.83
19.48999971
18.59857114
17.71714257
17.072857
16.59285686
16.285714
16.37285686
16.55571414
16.69714271
16.66999986
16.66571414
16.46714286
16.41428571
16.11142857
15.67285714
15.46
15.36
15.00142857
14.67857143
14.20428571
13.78
13.76
13.57
13.38714286
13.38714286
13.36571429
13.44714286
13.39714286
13.09714286
13.06857143
13.58142857
13.79857143
14.13428571
14.16857143
14.19142857
14.17285714
13.94714286
13.24857143
12.85428571
12.41428571
12.25428571
12.28285714
12.24285714
12.29142857
12.31714286
12.48428571
12.54714286
12.87571429
12.99428571
13.73857143
14.30142857
15.10142857
15.60142857
16.07285714
16.21
16.54857129
16.21142843
15.84714271
15.10142843
14.49999986
14.14857129
13.71714271
13.15142857
12.84571429
12.65857143
12.57428571
12.60714286
12.49714286
12.50285714
12.53571429
12.45857143
12.47
12.60285714
12.80142857
12.79714286
12.87285714
12.84142857
12.74857143
12.62428571
12.32428571
11.83714286
11.61428571
11.61571429
11.98571429
12.22428571
12.70571429
13.06571429
13.32142857
13.49571429
13.45285714
13.09142857
12.96285714
12.58428571
12.4
12.38
12.34571429
12.44142857
12.52857143
12.63571429
12.91
13.26571429
13.60571429
13.87857143
13.83428571
13.87428571
13.76142857
13.49857143
13.36
13.06142857
12.71714286
12.51428571
12.30571429
12.28142857
12.33142857
12.21857143
12.16428571
12.21714286
12.24571429
12.29857143
12.21428571
12.47142857
12.74714286
13.21571429
13.76285714
15.32857129
17.17571414
18.56142829
19.57285671
19.97285686
20.21714257
20.80428529
20.36571386
19.60285657
19.51714229
20.078571
21.02142786
21.98714214
22.64999957
23.14428543
23.37142843
23.17571429
22.35857143
21.75
21.14285714
19.95142857
19.00428557
18.45142857
18.61000014
18.68285729
18.86714314
18.87714314
19.13142857
19.61428586
20.34571429
20.395714
20.60999971
20.27428543
20.13714257
20.18714271
20
19.37
18.74714314
18.63571457
18.96285757
19.56428614
20.15714314
20.58142871
21.06571429
21.66714271
21.79428543
22.26999957
22.60571386
23.025714
23.97142814
25.20714271
27.40999986
28.66428571
29.44142843
29.83571414
29.812857
29.07571414
28.40999986
26.31142829
25.02428543
23.66857114
22.47428543
21.62857114
20.91
19.99857129
19.60142857
19.26428586
18.92000014
18.60857143
18.79428557
18.98428543
18.958571
18.78999957
18.76571386
18.918571
18.89857114
18.29428557
17.81142829
17.35999986
17.09571414
16.59714257
16.20285714
15.92571429
15.84
15.73857157
15.727143
15.82
15.75285714
15.53999986
15.29714271
15.08142843
14.80714271
14.692857
14.54285714
14.51285714
14.49857143
14.43428571
14.45857143
14.63428571
14.76142857
14.96428571
15.15714271
15.092857
15.12142843
14.94714271
14.76999986
14.36142843
13.862857
13.50714286
13.44714286
13.42714286
13.86571429
14.27
14.52714286
14.82
14.94428571
14.91571429
14.88285714
14.43714286
14.06714286
13.91
13.57714286
13.39857143
13.48
13.46571429
13.41714286
13.17
12.99
12.89857143
12.81571429
12.50285714
12.37714286
12.27142857
12.43285714
12.56571429
12.64428571
12.71714286
12.86428571
13.20428571
13.51
13.47142857
13.78428571
14.72571429
15.62428571
16.47857143
16.65571443
17.53142857
18.272857
18.41571429
17.84
17.34857143
16.94999986
16.79428543
15.96571414
15.80285714
15.71857129
16.03428557
16.31142843
16.452857
16.98999971
17.57714271
17.58428543
17.61857114
17.39428543
17.16571386
16.97142829
16.582857
16.16142829
15.99714271
15.88142843
15.79857129
15.63428571
15.40428571
15.22714286
15.15428571
15.07428571
15.217143
15.34
15.43571429
15.54285714
15.44428571
15.09142857
14.70714286
14.27857129
13.95714286
13.71
13.41714286
13.25571429
13.17857143
13.19428571
13.13428571
13.13571429
13.05571429
13.25857143
13.34428571
13.37571429
13.28857143
13.27142857
13.01285714
12.91285714
12.84
13.21000014
13.96142886
14.75285757
16.44571471
17.59000043
18.541429
18.96571471
19.23000014
19.69
19.67714271
19.32142843
19.46571414
19.31999971
19.31571386
19.24857114
18.49285686
18.37285686
18.05428557
17.78857129
18.05142843
18.40428571
18.45857129
18.912857
19.33857129
18.975714
18.53999971
17.78142843
17.19857129
16.81571429
16.19142857
15.41428571
14.90142857
14.67285714
14.59285714
14.40428571
14.24
14.34142857
14.44
14.912857
15.09714271
15.32999986
15.79714257
16.10999971
16.57285671
17.37999943
17.675714
17.82999986
18.08571429
18.52285743
18.86571443
18.724286
18.01285757
17.36285743
16.86285729
16.26571429
15.33857129
14.71142857
14.20142857
14.04142857
13.96142857
13.98571429
13.83857143
13.74142857
13.59142857
13.35285714
13.17571429
12.93142857
12.80571429
12.87
12.8
12.73285714
12.69571429
12.62
12.67428571
12.69857143
12.69142857
12.61
12.57142857
12.68428571
12.69714286
12.76142857
12.66714286
12.49857143
12.42571429
12.32428571
12.29
12.59428571
12.99857143
13.35
13.72857143
14.02571429
14.61285714
15.05
15.06142857
14.77285714
14.46285714
14.12285714
13.93285714
13.46428571
13.01
12.65571429
12.46571429
12.47142857
12.54428571
12.70714286
13.02714286
13.21
13.20428571
13.40571429
13.57428571
13.73714286
13.74
13.41428571
13.24
13.21857143
12.98571429
12.78142857
12.57142857
12.37857143
12.42285714
12.47285714
12.56714286
12.87714286
13.70714286
14.27285729
14.88571429
15.26285714
16.11
16.822857
17.035714
16.595714
16.40714243
16.275714
16.21142829
15.68857114
15.08428557
14.81285714
14.60285714
14.58428571
14.42857143
14.50285714
14.77428571
16.387143
18.34428586
20.32714286
23.80285714
27.47857157
30.02999986
32.84999986
33.84428543
35.52571386
37.57999957
39.76571371
40.79285629
43.71857114
49.23999986
52.93142871
59.08428629
63.93714414
67.07857243
70.607144
72.34142957
70.35857229
70.90714314
68.23000014
66.09999957
64.54142871
62.41000043
60.62428614
59.97714343
58.44000086
55.99000057
53.73857229
51.04714371
49.08571457
47.38999986
45.11999943
43.24142771
42.38999929
41.657142
40.43571357
40.50428557
41.03857157
41.15428614
41.67142943
40.97000086
39.99571514
39.34142914
37.54142886
35.93285771
35.24857186
34.47571471
34.14428629
34.26285743
33.95857186
33.49428614
32.55428586
31.961429
31.86285729
31.72000014
31.40142871
31.09571414
31.46
31.52
31.01857143
30.00142871
29.34428571
28.734286
28.63285757
28.20142886
28.23571457
27.85142871
27.49428586
27.18
26.73714271
26.33999971
26.34857114
26.25428543
28.24714271
29.73714271
30.964286
32.27142857
33.36571457
34.13285729
35.21142857
33.922857
33.24857143