19.96375025
20.88875013
21.9075
22.52750013
23.03375
23.54375
23.58124988
24.11374988
24.69749988
24.79124988
24.70249975
24.96499988
25.25
25.61375
25.97125013
25.74250013
25.69250025
25.5862505
25.46875075
25.22000075
24.88625063
24.44125075
24.3187505
24.18000038
23.89625025
23.2925
22.80375
22.615
22.62999988
22.48624988
22.40000013
22.375
22.45500025
22.74000038
22.88000025
22.70000013
22.46750038
22.21875013
21.645
21.16750013
20.86874988
20.62874988
20.52249975
20.31124975
19.9087495
19.54249975
19.44124988
19.35624975
19.33124988
19.66499988
19.59124988
19.58374988
19.85875
20.12749988
20.14874963
20.23249975
20.57499975
20.28749988
20.48375013
20.68625
20.78
21.09624988
21.50000013
21.25000013
20.87
20.90874988
20.70249963
20.88499975
20.97249963
21.10124975
21.40999963
21.90624975
22.03875
21.97625
22.20250025
21.80875025
21.30500038
20.80375038
20.01000025
19.45750025
19.05625013
18.83625013
18.39249988
18.27624988
18.44874975
18.55124963
18.76124975
18.8149995
18.7674995
18.60624963
18.36624963
18.27249963
17.94374975
17.63875
17.3675
17.49750013
17.51875025
17.54000025
17.58625038
17.65500025
17.87875013
17.84375
17.78874988
17.64249988
17.50499975
17.40874963
17.4449995
17.32124963
16.93749975
16.97374963
16.76749975
16.47874975
16.27624975
16.62124988
16.58124988
16.4425
16.455
16.26375013
16.29750013
16.42125013
16.59500025
16.33125013
16.25000025
16.29625013
16.41125013
16.47375013
16.66875
16.7725
16.85249988
16.77874988
17.08999988
17.32749975
17.16624975
18.04124975
18.6325
19.02000013
19.45875013
20.01625025
20.29875025
20.6175005
21.36875038
20.96250038
21.83125025
23.79625013
25.35750013
26.25125
26.65499988
27.23499975
27.74749988
28.21624988
27.53749975
26.44374975
25.79124988
25.56499975
26.12874988
26.72874975
28.06999988
29.28874988
30.07874988
30.32375
30.30499975
30.73374975
30.85874975
30.73749988
29.74374975
29.27624988
29.16375
29.19124988
29.31624988
29.09500013
29.02375013
29.14625
29.27499988
29.10374975
28.99749963
28.91249963
29.11999988
29.42499963
29.3599995
29.06374975
28.95374988
28.99
29.0125
28.84000013
28.5725
28.19125013
28.07125025
28.05250025
28.30750013
28.56750013
29.30750025
29.89000025
30.35750013
30.85000025
31.29000038
31.48500025
31.1287505
30.63875038
29.83750038
29.38000038
29.05500063
28.9675005
28.9887505
29.1037505
29.3762505
29.7487505
30.05625063
30.2525005
30.2612505
30.27625063
30.18250063
29.7375005
29.18250038
28.47375038
27.58125013
26.67125013
25.7
24.46
23.12249988
22.38875
21.81125
21.58375
21.58000025
21.62875013
21.95000013
22.10125
22.37625013
22.49375025
22.48875038
22.4712505
22.43750038
22.5150005
22.4950005
22.38500063
22.48000038
22.70750025
23.19625013
23.25750013
23.31875013
23.2625
23.12625
23.47
23.61125013
23.73125
23.75624988
24.16499963
24.60749975
25.20749988
25.77375
26.38875
27.16374988
28.22499988
29.01
29.79125025
30.98875025
32.01750025
32.76875025
32.58125025
31.95750025
30.83625038
30.03250038
28.94375025
27.27625025
25.53125038
24.26250013
23.7275
23.22500025
22.79750025
22.31500038
22.0575005
21.88250025
21.94250013
22.01125025
22.03750013
22.18624988
22.35499988
22.33249988
22.28499975
22.04874988
21.69374988
21.52624988
21.20125013
21.00750025
21.08250038
21.02250013
20.99500013
21.20250013
21.37625013
21.20125025
21.16000025
21.10250013
20.87624988
20.92999988
20.88249975
20.58124975
19.93874975
19.19874963
18.5049995
17.90999963
17.29249988
16.69625013
16.19375038
15.90250038
15.98625038
16.15750025
16.36375013
16.5
16.66374988
16.83374975
16.92749975
17.11749975
17.22624963
17.36374975
17.81
18.16625013
18.14375013
18.27500025
18.13625013
17.86250013
17.59250025
17.44875025
16.89375013
16.52500025
16.49750025
16.28125
16.3625
16.54375
16.89375
17.14125
17.4025
17.49499988
17.52249988
17.6725
17.71124988
17.775
17.6375
17.55000013
17.53625013
17.59625013
17.73875
17.65375
17.55125
17.46624988
17.32874988
17.15624975
16.96249988
16.61624988
16.2775
16.11
16.03250013
15.88625013
15.98625025
15.98750025
16.02375013
16.23625013
16.40000013
16.59625
16.75875
16.98249988
16.99749975
16.97374975
16.86124975
16.76249963
16.81999975
16.72999988
16.62874988
16.69875013
16.80625013
17.05625013
17.35250025
17.77875025
17.92875
18.03874988
18.40874975
18.41749963
18.72249975
18.94499975
19.10999975
18.83999975
18.79625
18.81500025
18.56750038
18.46375038
17.89875025
17.36625025
17.08000013
16.97875025
16.74375013
16.48875
16.23375
16.0025
15.965
15.925
15.74625
15.58125
15.52
15.495
15.50875
15.5475
15.545
15.555
15.4625
15.44125
15.35
15.40875
16.11250013
16.47250025
16.49375025
16.41000025
16.37000025
16.33500025
16.36875025
16.28125025
15.48500013
14.935
15.05375
15.3775
15.73999988
15.98374988
16.26749988
16.63124975
17.02374963
17.2424995
17.40624938
17.48624938
17.5324995
17.63249938
17.61124925
17.46874938
17.27124938
17.24999963
16.97499975
16.66624975
16.49499963
16.28124975
15.93749988
15.77874988
15.86125013
15.81
16.1725
16.47999988
16.75875013
17.0025
17.35125
17.46374988
17.36124963
17.26374963
16.98124963
16.73874975
16.50374963
16.34749963
16.17999963
16.04374975
15.98499988
16.05999988
15.96374988
15.91249988
15.76499988
15.64625
15.6575
15.765
15.85499988
15.91999988
15.90499988
15.83374988
15.65374988
15.44749988
15.14874988
15.73624988
15.96250013
16.50875013
17.13000013
17.65750025
18.55250038
19.54875038
20.27875025
20.11125025
20.35875013
20.33875013
20.25125025
20.30500025
20.17875025
19.81875038
19.8112505
19.81750038
19.85625038
19.71875038
19.49125013
19.25125013
18.99250013
18.83500013
18.6125
18.33250013
17.83750025
17.41125025
17.10625038
16.86625025
16.805
16.99624975
17.12
17.2575
17.55124975
17.99624975
18.40624963
18.8137495
18.91624975
18.75374988
18.51124975
18.34124963
18.17624963
17.81249963
17.52499975
17.39499988
17.18249975
16.98874963
16.89249963
16.80249975
16.80624988
16.96875
17.1025
17.0375
17.21875013
17.40625013
17.65375
17.91875013
18.02375013
18.14124988
18.1675
18.16375013
18.07000013
17.95375038
17.95375038
17.75000025
17.52625013
17.31500038
17.24375013
17.11625
17.01499975
16.94999963
16.75749975
16.72249963
16.78999975
16.9174995
17.0849995
17.5099995
17.88999963
18.16124963
18.54999975
18.90499975
19.04124975
19.11249975
18.9025
18.52000013
18.12500013
17.89250013
17.51
17.08500013
16.81500025
16.5437505
16.44750038
16.35750025
16.31500025
16.27250025
16.31375013
16.36375
16.42999975
16.7449995
17.2612495
17.50124938
17.58499938
17.64874938
17.5137495
17.31749963
17.08374975
16.72374988
16.27125
16.03000013
15.90250013
15.74250013
15.80625013
15.94250013
16.08000013
16.03000013
16.04000013
16.16000013
16.26375013
16.40125
16.40750013
16.33375013
16.23625013
16.25500013
16.0775
15.89875
15.66875
15.39500013
15.02375
14.77
14.61375
14.37
14.33625
14.14875
14.0175
13.9225
14.03
14.14875
14.2025
14.19375
14.16
14.31
14.585
14.93000013
15.16250025
15.21000025
15.26125025
15.45625025
15.88500025
16.26125038
16.30375025
16.30875013
16.08875
16.02
15.975
15.90625
15.2975
14.69124988
14.32
13.9725
14.015
14.19375
14.335
14.32625
14.3875
14.47
14.49
14.32
13.995
13.59125
13.2325
12.9825
12.96625
12.88125
12.865
13.0375
13.135
13.24
13.345
13.41625
13.44875
13.48
13.53625
13.5775
13.68875
13.8225
14.02125
14.235
14.42375
14.55875
14.6575
14.60875
14.66
14.65625
14.64625
14.81000013
14.84500013
14.82500013
14.70625013
14.61875013
14.52250013
14.38750013
14.10250013
13.68875
13.35875
13.2525
13.215
13.1875
13.04875
12.99875
13.11125
13.34125
13.5075
13.51875
13.53
13.65
13.82
13.875
14.02125
14.08
14.1625
14.23
14.58749988
15.07625
15.84875
16.66250013
17.44000013
17.94875013
18.64125013
19.29250013
19.49125025
19.57000013
19.20750025
18.84000013
18.37625
18.07750013
17.59125025
17.13500025
16.95500013
16.69250013
16.58375
16.45125
16.22125013
16.13125
16.13749988
16.32374988
16.30125013
16.18375013
15.99000013
15.77500013
15.63750013
15.36750013
15.08000013
14.74000013
14.5625
14.51625
14.49875
14.51125
14.42375
14.35
14.13625
13.8725
13.5875
13.3375
13.11875
12.8975
12.6925
12.49375
12.41125
12.315
12.315
12.2825
12.225
12.2375
12.285
12.38125
12.39875
12.39
12.27375
12.14875
12.045
11.90875
11.885
11.84875
11.90625
12.02
12.23375
12.43375
12.66625
13.06
13.25375
13.325
13.3475
13.32875
13.1575
12.935
12.7
12.3675
12.165
12.01875
11.83375
11.70375
11.63625
11.69125
11.76
11.805
11.8275
11.8975
12
12.11375
12.295
12.44625
12.62625
12.7525
12.7975
12.81375
13.26875
13.72
14.0525
14.2775
14.43
14.63125
14.885
15.0575
14.7325
14.445
14.06125
13.825
13.6675
13.5475
13.73499988
13.78624988
13.87999988
13.96249988
14.35874988
14.55999988
14.69374988
14.74999988
14.49375
14.37625
14.345
14.19
13.7875
13.455
13.1675
12.93
12.6875
12.6
12.52
12.705
12.915
13.185
13.36375
13.38875
13.35125
13.2475
13.09
12.6475
12.29375
12.02125
11.80875
11.71875
11.8125
12.02
12.45625
12.8275
13.05625
13.14875
13.20875
13.3075
13.24
13.1175
12.86375
12.74875
12.82375
12.8925
13.035
13.2675
13.54875
13.7675
13.88875
14.04875
14.08125
14.22625
14.29375
14.20375
14.015
13.88625
13.79625
13.71875
13.65625
13.535
13.38
13.38375
13.61625
13.72375
13.70375
13.58375
13.44
13.24625
13.1225
12.82125
12.50875
12.295
12.0875
12.00375
11.99375
11.90125
11.80625
11.76
11.6375
11.545
11.505
11.73375
11.83375
11.9575
11.91875
11.86375
11.83375
11.7425
11.65125
11.2875
11.08875
10.94
11.08625
11.19125
11.22875
11.29625
11.38875
11.44
11.41375
11.49875
11.43625
11.41125
11.46
11.54875
11.6725
11.8
11.9325
11.975
12.08875
12.17625
12.21375
12.15875
12.0575
11.9625
11.87625
11.88625
11.81375
11.8025
11.81875
11.85875
11.88625
11.91375
11.89625
11.86125
11.78125
11.88125
12.01875
12.11375
12.10875
12.1475
12.35625
12.46
12.735
12.79625
12.96625
13.54499988
13.80124988
13.95124988
13.86624988
13.83999988
13.69374988
13.59874988
13.39749988
12.71375
12.60125
12.5525
12.57875
12.66
12.64125
12.595
12.5225
12.46625
12.235
11.9725
11.80375
11.6125
11.5225
11.39
11.27375
11.33
11.43375
11.57625
11.645
11.62625
11.68375
11.75125
11.97375
12.33
12.7225
13.01
13.2675
13.55
13.8125
14.01125
14.16125
14.215
14.29
14.3325
14.46875
14.74125
14.79
14.8125
14.72625
14.6025
14.37625
14.27375
14.08375
13.6825
13.50375
13.36625
13.2025
12.99125
12.84625
12.49
12.1925
11.985
11.7425
11.57625
11.3625
11.06875
10.6575
10.47
10.29125
10.14
10.085
10.03625
10.15
10.46125
10.78625
10.96875
11.165
11.3075
11.3425
11.4175
11.41625
11.355
11.26
11.3775
11.4225
11.5225
11.575
11.55
11.54375
11.45625
11.45875
11.26125
11.05
10.90875
10.845
10.785
10.67875
11.1625
11.51125
11.93125
12.35125
12.8025
13.27875
13.7375
14.06875
13.80375
13.7825
13.9125
13.94
13.89875
14.08625
14.15125
14.335
14.6725
14.95875
15.16625013
15.47625013
15.52000013
15.55375013
15.50500013
15.715
15.595
15.66125013
15.46375
15.2775
15.09
14.72625
14.7175
14.32250013
14.00250013
13.605
13.46625
13.515
13.98125
14.64
15.40375013
16.71375025
17.44125013
17.935
18.34875
18.60125
18.61625013
18.34500013
17.91625
16.96624988
16.6975
16.6775
16.67125
16.6825
16.47249988
16.28749988
15.94249988
15.63374988
15.44999988
15.01875
14.66625
14.26625
14.18625
14.13875
14.24125
14.53625
14.62125
14.84375
15.0125
15.10375
15.15125
15.09125
14.775
14.29625
13.99625
13.73875
13.3975
13.13375
12.8625
12.66375
12.72375
12.7725
12.765
12.6025
12.64
12.7175
12.82
12.91
12.8675
12.7675
12.62625
12.5425
12.31625
12.22375
12.30375
12.49
12.65625
12.93125
13.57124988
14.07249988
14.54999988
14.81374988
14.93999988
14.89749988
15.00999988
15.08249988
14.74375
14.46
14.30875
14.18125
13.8625
13.5225
13.0675
12.66
12.365
12.17
11.8975
11.625
11.505
11.5075
11.58875
11.6625
11.5975
11.53125
11.48375
11.5
11.59
11.675
11.735
11.79875
11.89625
12.01625
11.99375
12.0825
11.98375
11.88375
11.84125
11.8775
11.96625
11.91875
11.97875
11.97375
12.07375
12.10875
12.00375
11.89625
11.80125
11.7575
11.7725
11.74625
11.705
11.8675
12.215
12.44
12.59375
12.65375
12.7925
12.94875
13.2725
13.44375
13.42875
13.52375
13.7075
13.98875
14.045
14.15875
14.1375
14.25625
14.6025
14.77625
14.98625
15.085
15.26875
15.21625
15.245
15.1775
14.76
14.615
14.40875
14.435
14.59375
14.88875
15.19624988
15.34999975
15.64749975
15.76124975
15.75749975
15.68624975
15.54249975
15.47124975
15.29749988
15.375
15.58375013
15.6625
15.895
16.075
16.2825
16.45
16.585
16.43625
16.25374988
16.21625
16.17999988
16.33499988
16.57374988
16.66875
16.69
16.76375
16.76875
16.85500013
16.90750013
16.76500013
16.47
16.325
16.49
16.47625013
16.41500013
16.13875
15.69875013
15.29500013
14.88750025
14.48000013
13.83375013
13.335
12.955
12.6225
12.5025
12.495
12.50375
12.52625
12.685
12.87
13.005
13.16875
13.32625
13.29
13.20125
13.155
12.76125
12.4625
12.24875
12.05375
11.87
11.82375
11.90375
11.7925
11.8375
11.85125
11.78375
11.87
11.8825
11.83
11.6225
11.5025
11.4725
11.4625
11.48375
11.405
11.32
11.28
11.3175
11.385
11.43375
11.50125
11.58
11.55
11.53375
11.4625
11.5975
11.62625
11.63125
11.67
11.595
11.6925
12.07625
12.43625
12.5425
12.62125
12.68375
12.69375
12.815
12.7875
12.485
12.1875
11.95875
11.8225
11.7325
11.61875
11.545
11.4675
11.55625
11.71625
11.94625
12.2225
12.37125
12.5925
12.715
12.905
12.94
12.95375
12.7875
12.535
12.49875
12.49875
12.53375
12.44
12.32375
12.2225
12.26875
12.36875
12.31875
12.1675
12.04875
12.02125
12
12.09
12.04625
12.03875
12.14125
12.3075
12.4125
12.4075
12.49375
12.43875
12.47625
12.59
12.5975
12.4225
12.24375
12.17125
12.0775
12.0775
12.0975
12.0625
11.9875
12.15
12.3875
12.605
12.75625
12.8425
12.8725
12.755
12.64
12.42875
12.15125
11.87
11.66625
11.45
11.27
11.21125
11.19
11.25375
11.39625
11.52
11.5675
11.595
11.62625
11.70875
11.75875
11.755
11.7325
11.79625
11.88625
12.03375
12.0975
12.1175
12.2625
12.4775
12.55125
12.56625
12.59625
12.6225
12.76
12.875
12.9375
12.9375
13.035
13.19625
13.35
13.405
13.395
13.38
13.32625
13.265
13.1825
13.13
12.95125
12.85625
12.735
12.60625
12.69
12.64
12.67375
12.63625
12.63375
12.6375
12.7025
12.7025
12.465
12.30125
12.11125
11.95
11.89
11.725
11.5825
11.51125
11.49
11.46625
11.4575
11.54375
11.64625
11.795
11.91875
12.04375
12.2775
12.5025
12.6675
12.6825
12.69125
12.89125
13.14125
13.44125
13.75625
13.89125
14.135
14.44875
14.6775
14.71375
14.61
14.58
14.36625
14.375
14.2125
14.02375
13.97375
13.925
14.0275
14.14875
14.22375
14.25
14.285
14.27875
14.15625
13.9575
13.73875
13.42125
13.1125
12.8875
12.78
12.75375
12.7775
12.86375
12.8425
12.7725
12.79875
12.70875
12.56375
12.3975
12.27875
12.10625
11.99125
11.8775
11.72
11.585
11.565
11.66875
11.7075
11.65125
11.5775
11.45875
11.365
11.41625
11.39
11.62125
11.67375
11.80875
11.7725
11.8825
12.02375
12.1375
12.23875
11.985
11.86375
11.85125
12.2275
12.48625
12.68875
13.0925
13.61125
13.8825
14.1375
14.49875
14.5375
14.62125
14.68
14.36625
13.98375
13.8425
13.63125
13.375
13.11375
12.85625
12.71125
12.69
12.60375
12.5625
12.6775
12.88375
13.1475
13.36
13.63625
13.90625
14.1925
14.4875
14.82124988
14.91874988
15.25499975
15.32749975
15.31874975
15.32999975
15.50999963
15.6399995
15.7137495
15.92249963
15.91249963
16.18749963
16.37999963
16.6024995
16.61624963
17.12499988
17.46
17.71624988
17.89249988
17.92499988
17.98
18.07375
18.30625
18.05124988
17.84374988
17.58874975
17.55249988
17.66124975
17.8299995
17.93624963
18.0024995
17.9074995
17.74624963
17.65624975
17.44874975
17.56374975
17.49249988
17.74999975
17.84624988
17.78124975
17.82874963
17.84374975
17.95499975
17.66624988
17.39124988
16.78625
16.20625
15.89750013
15.63375013
15.42125
15.21875
15.14625
15.265
15.67000013
15.88125025
16.13250025
16.40125038
16.53000038
16.72250038
16.69500038
16.58125038
16.11625025
15.97750013
15.82625013
15.60875
15.61125
15.4875
15.47375
15.6
15.68
15.84625
16.02625
16.1375
16.17125
16.27875013
16.36375013
16.34750025
16.51000025
16.40750025
16.36125038
16.44375038
16.56000038
16.59250038
16.90000025
17.0775
17.15375013
17.33375025
17.3575
17.2475
17.11125
16.89999988
16.47375
16.06500013
15.59375
15.12374988
14.77625
14.5775
14.6
14.72375
14.75625
14.92125
15.43749988
15.85124988
16.59125
17.3275
17.71874988
17.90749988
18.12874988
18.74124988
19.20874988
19.7525
19.66249975
19.33124988
19.44
19.76500013
20.04
19.83375
19.16375025
18.65375025
18.34625038
18.19500025
17.68875038
17.09375025
16.60750038
16.31375038
16.28500025
16.04750013
15.78250013
15.66125013
15.4975
15.34125
15.10875
14.83
14.7575
14.71375
14.75
14.86874988
15.15374988
15.64749975
16.26374963
17.05499963
17.26999963
17.42624975
17.56999975
17.54999975
17.41999975
17.01124988
16.61
16.01375
15.85875
15.8175
15.7425
15.7925
15.85250013
15.98
16.06500013
16.11000013
16.24625025
16.37375
16.51500013
16.55375025
16.34750013
16.20875025
16.14250013
16.14125013
16.055
15.80750013
15.60125
15.48375
15.58375
15.62125
15.55875
15.545
15.5625
15.73500013
15.955
16.13750013
16.48000013
16.83875025
17.26375025
17.53000038
17.71625025
17.91500025
18.01000038
17.97000013
17.82875
17.51624988
16.96124988
16.61749975
16.24249988
15.71124975
15.29999975
15.06874988
14.82125
14.84125
15.0575
15.0025
15.13
15.52749988
15.85249975
16.10499963
16.44249963
16.78499963
17.05499963
17.4574995
17.8212495
17.91874963
18.03374963
18.35124975
18.66624988
18.96749988
19.47499988
19.80375
19.87875
20.00625
20.12750013
20.10500013
19.88375
19.57125
19.21374988
19.05624988
19.24374988
19.53999975
19.57499963
19.6237495
19.7074995
19.9137495
20.13624963
20.1512495
20.0162495
19.78249963
19.81624975
19.78125
19.69124988
19.48624988
19.09874975
18.78124988
18.60999975
18.61749975
18.71249975
18.85374963
19.05374975
19.16249963
19.36999963
19.68124963
19.80124975
20.01749963
20.01749963
19.78749963
19.83999963
19.90249963
19.90374975
19.85999975
19.82874975
19.65875
19.71500013
20.02875013
20.01625
20.00000013
20.06250013
20.25125013
20.48875013
20.66375
20.69874975
20.59999988
20.4675
20.5475
20.465
20.2475
20.01875
19.83250013
19.69500038
19.59375013
19.77625025
19.87375025
20.17625025
20.45375013
20.50875025
20.565
20.49874988
20.3125
20.25624988
20.36624975
20.25374975
20.26374975
20.45124975
20.34749988
20.25374988
20.26875
20.02624988
19.635
19.5
19.22375013
18.85625
18.65749988
18.68249975
18.72124963
18.91374975
18.97749975
19.06749975
19.28499975
19.64749975
20.10999988
20.24749988
20.41124975
20.38249988
20.13124988
20.08749975
20.08999975
20.11374975
20.10374975
20.14125
20.16500013
20.28249988
20.72999988
20.7025
20.7925
20.81
20.56
20.45625
20.27125
19.93000013
19.71375025
19.63500038
19.31625038
19.0300005
19.2287505
19.32000038
19.48625038
19.7712505
19.7187505
19.74125025
19.74375038
19.70125025
19.40875025
19.31625025
19.27500025
19.25125013
19.44000013
19.52000025
19.66500025
19.95750038
20.23625038
20.51500038
20.77125038
20.90250025
21.03750025
21.15000025
21.08750025
20.66625013
20.465
20.1225
19.945
19.78250013
19.47374988
19.29624988
19.20874975
19.40124988
19.57750013
20.01750025
20.40625025
20.63750025
20.91750025
21.09000013
21.31750013
21.6275
21.81249988
21.70124963
21.44749963
21.51249975
21.5925
21.5525
21.45624988
21.19749988
21.25249975
21.42499988
21.70874988
21.98749975
22.13374975
22.61
23.15000025
23.50875013
23.33750025
23.47000025
23.59375025
23.54125025
23.74375013
23.72
23.73749988
24.0025
24.43250013
24.57250025
24.63875025
24.66500013
24.62375013
24.5775
24.59374988
24.74749988
24.82749975
24.92624963
24.73874963
24.71249975
24.59749975
24.45374988
24.13375
23.635
23.31874988
22.97124975
22.78249975
22.54874975
22.47749975
22.42499975
22.44874975
22.39124988
22.26250013
21.92875038
21.74250038
21.75250025
21.35750025
21.10000025
20.81500025
20.62875
20.49375
20.66875
20.66249988
20.31500013
20.32875025
20.67000025
21.06750025
22.4512505
23.78750025
25.29500013
27.48000038
29.42500025
30.95375013
32.11000038
33.23625038
33.41750025
34.04875038
34.4087505
34.1812505
34.5250005
35.09375038
35.27125013
35.19625013
35.06875
34.27625
33.11249988
31.89624975
30.89124963
29.92999988
29.34125
28.8225
28.13000013
27.59625013
27.17125013
26.82000013
25.92625025
25.21
24.51125
24.15124988
24.35374975
24.63624975
25.06749988
25.35125
25.81125
26.30750025
27.03500013
27.53625013
27.81500038
28.10875038
28.34625025
28.43125025
28.18750013
27.79
27.07
26.54500025
26.02000013
25.37000013
24.96250013
25.20000013
25.65500025
25.80000025
25.84125025
25.72750025
25.22625025
24.79875025
24.36375038
23.67250025
23.08500025
22.93500013
22.75000013
22.57624988
22.57624988
22.55374975
22.40749975
22.09624975
21.74999963
21.41499988
21.19499988
21.13124988
21.00749988
20.87124988
20.66749975
20.56374975
20.58999988
20.38624975
20.30749963
19.98874975
19.77999975
19.65124988
19.5125
19.36124988
19.08499975
19.02624988
18.92125013
18.99375013
19.23625013
19.21
19.41124988
19.51125
19.55375
19.43624988
19.39499963
19.26124963
18.97749963
18.87124988
18.56249988
18.47
18.60625013
18.88875013
19.36750038
19.90500025
20.50625013
21.3025
22.10999988
22.69499988
22.94499988
23.10874988
23.09999963
23.20624975
23.16874988
22.77499988
22.59375
22.37375
22.23749988
22.26749975
22.05374988
21.64499975
21.23749975
20.97874988
20.70749988
20.75249963
21.40249975
21.66624988
21.91875
22.01750013
21.94625013
22.05625
22.16374988
22.26625013
21.92875
21.47875
21.26249975
21.23749975
21.37499988
21.28999975
21.1625
21.025
20.65
20.56499988
20.35624988
20.10749988
20.31124975
20.67999988
20.71749975
20.67124963
20.97624975
21.23999988
21.67375
21.95249988
21.66625
21.415
21.3875
21.4075
21.5
21.59750013
21.98375025
22.43125025
22.82
23.0475
23.2225
23.28000013
22.85500013
22.51
21.79874988
21.11875013
20.70375025
20.36750013
19.87750013
19.34375
19.15124988
18.97625
18.6725
18.52249988
18.31624988
18.135
18.11999988
18.14749975
17.93999975
17.64124963
17.58124963
17.82374963
18.12374963
18.71749963
19.35874975
20.01374975
21.04874988
22.11875
22.78375
23.37124988
24.07874988
25.08499975
25.93749975
26.57125
26.7925
27.28749988
28.44374988
28.91249988
29.40499988
29.815
30.06875013
30.09375
30.30250013
30.45875013
30.6125
31.01875
31.07
30.66999988
31.50624963
32.90624938
34.85499913
35.66499913
36.117499
37.32124913
38.94374925
39.78874963
39.92749975
40.63875013
40.5712505
40.8325005
40.810001
40.12375088
39.61375075
39.70500063
39.57000088
38.48625063
37.0775005
36.5887505
36.33500013
36.20125013
35.80750038
36.09750038
36.71000013
37.19125038
38.48375038
39.3012505
40.42125038
41.78000075
42.54500063
42.4350005
42.0287505
41.84000025
40.65625013
39.85875
38.56125038
36.98250025
35.85875
34.79125013
33.79625013
32.97375038
32.9250005
32.62500025
32.17125013
31.53874988
30.795
30.32374988
29.71125
28.91499988
28.00874988
27.46750013
27.30125013
27.35375013
27.60625025
27.76500038
27.95625025
28.19875038
28.37750013
28.05375013
27.34125
26.51250013
25.76250013
24.9025
24.05125
23.80874988
23.53874988
23.52999988
24.30875013
24.7425
24.94499988
25.37374988
25.81999988
25.91999975
26.26374975
26.99874963
27.0887495
27.6699995
28.05249938
27.9849995
27.75999963
27.25624988
26.31749988
25.08875
24.34875
23.37625013
22.79875025
22.72125013
23.01
23.21999975
23.61124988
23.9725
23.94500013
24.355
24.95
25.66125013
26.51250013
27.11000025
27.84750025
28.37625013
29.33125
30.14250025
30.52125013
30.41125
30.005
29.86375013
29.49000013
29.37375013
29.02875013
28.51999988
28.31375
28.36875
28.43625
28.8425
29.36750013
29.33625013
29.53625013
29.75750025
29.90375025
30.00125038
29.88000025
29.19375025
28.69875013
28.6725
28.45375
28.23249988
27.9475
27.79374975
27.76125
27.86124988
27.55999988
27.22625013
26.85250013
26.46625038
25.96625038
25.4187505
24.94375038
24.75375038
24.94000038
24.88875013
24.80125013
24.8275
25.18999988
25.40999988
25.29624988
25.1575
24.90375013
24.72875025
24.59625025
24.22875013
23.59375025
23.10000025
22.91000013
22.72875
22.50749988
22.40749988
22.34124988
22.70125013
22.91875
23.075
23.52625013
23.83000013
24.0225
24.10875013
24.11250013
23.93625013
23.86500025
23.92750025
23.75750013
23.76375013
23.86875025
24.24375025
24.54750038
25.03625038
25.28625038
25.5637505
25.63375075
25.76625063
25.87500063
26.03000063
26.29125063
26.2687505
26.23375038
25.96375013
25.81125
25.99750025
26.48250025
26.57125013
26.67625013
26.4425
26.63500013
26.85375013
27.07875025
26.55500013
25.91500025
25.47125025
24.94375013
24.93500025
24.84500013
24.88250025
24.84625013
24.71750013
24.48875013
24.20500013
23.94375
23.49125013
22.91875013
22.4875
21.96875
21.99749988
22.06749975
21.98499975
21.72
21.33999988
21.26624988
20.9275
20.7375
20.15375
19.80625
19.66375013
19.66624988
19.66874988
19.25499988
19.09499988
19.28875
19.72625
20.14124988
20.56249975
21.22124988
21.78999988
22.46874988
23.14999988
23.50624963
24.02249975
24.42499988
24.93499988
25.18874988
25.60999988
26.21124988
26.7025
26.79625
26.72625013
26.23125
25.69
25.0225
24.60999988
24.20124975
23.51374975
23.15874975
22.82999963
22.66124963
22.4287495
22.4487495
22.6149995
22.62249975
22.61999963
22.86749988
22.68999988
23.00000013
23.32625025
23.47375025
23.1487505
22.95375025
23.05875025
23.0625
23.59625
23.57874975
23.60499988
23.93499988
24.32999988
24.94875
25.45125013
25.68125025
25.78250013
26.18125025
26.35375013
26.26375013
26.17249988
25.79125
25.07499975
24.72249975
24.02624988
23.29374975
22.97249975
23.10124963
23.29999963
23.7949995
24.56124975
24.93374963
25.35999963
25.78374975
25.63374963
25.33874975
25.11499988
24.54625
23.68999988
23.14500013
22.91875013
22.80375013
22.99375025
22.91875025
22.59375025
22.30250025
22.47250038
22.48000025
22.47750025
22.29625025
22.24375025
21.96000025
21.87250013
21.60875
21.16
20.875
20.74125
20.5675
20.51625
20.87125
21.27375013
21.58250013
21.915
21.8325
21.78
21.88375
21.74875
21.45125013
21.11375013
21.05
21.21124988
21.55
21.71625
21.74875
22.06500013
22.24875
22.3675
22.29250025
22.29375038
22.41125013
22.55875013
22.98500013
23.09249988
23.28624975
23.85874975
24.51999963
24.85249963
24.69624963
24.5237495
24.2412495
24.01624963
23.70374963
22.78499963
22.17124963
21.6699995
21.67374963
21.56249975
21.75874975
21.78124975
21.94625
22.43125013
23.01125
23.41500025
23.62750038
23.9150005
23.6575005
23.47250063
23.44250063
23.1562505
22.75125063
22.5162505
22.63750038
22.79500013
22.90875013
23.155
23.20249988
23.79624988
24.16625
24.26874988
24.26374975
24.36625
24.58625
24.56875013
24.3775
23.75999988
22.92874963
22.62999975
22.62124975
22.44874963
22.1399995
21.87374938
22.0249995
22.44374963
22.83499975
22.74374975
22.50125
22.39374988
22.33000013
22.36125013
22.28750013
22.15
22.42375013
22.93500025
23.15125013
23.46500013
23.76625013
24.08375025
24.69125038
25.3287505
25.65625038
25.59750013
25.83375013
26.05625025
26.66500013
27.33625
28.13250013
28.20000025
28.07125038
28.4000005
28.3825005
28.39750063
27.93000063
27.6262505
26.71375038
26.37000038
26.34000013
26.52500013
27.2475
27.67249988
27.95875
28.11250025
28.45500013
28.91375013
29.14875025
28.84250013
27.99625038
27.19250038
26.74875025
26.21875
25.78250013
25.29875
25.06250013
24.84625025
24.81125013
24.8275
24.78250013
24.74375025
24.35875025
23.79375025
23.39875
23.23999988
22.97749988
22.765
22.57999975
22.41374975
22.32749963
22.32749963
22.07374975
21.75499988
21.52374975
21.28749963
21.09624988
21.05624988
21.13999988
21.26125
21.40124988
21.375
21.25875025
21.0912505
20.99375038
20.88875038
20.7137505
20.31000025
20.12625038
20.10375038
20.14500038
20.20625038
20.14250038
19.9287505
19.78000038
19.8337505
19.66000063
19.51375063
19.5000005
19.42000025
19.46375025
19.48250013
19.61875013
19.75500013
19.95624988
20.08874975
20.09749975
20.00125
19.92125013
19.82000025
19.61250025
19.41875038
19.16875038
18.90375025
18.65250025
18.57750013
18.38375
18.16624975
17.93749975
17.7224995
17.5762495
17.47124975
17.28999988
17.105
17.03124988
17.11125013
17.04750013
17.05500038
17.3600005
17.8287505
18.19000038
18.43000013
18.61875025
18.73125013
18.91625013
19.0075
18.845
18.77749988
18.7925
18.97625013
19.19875013
19.46750013
19.85375013
20.30625
20.7
20.60249988
20.73124975
20.89374975
21.10249975
21.20249988
21.155
21.25875
21.5525
22.22625025
22.97625025
24.13625025
24.85500025
25.51125025
26.36250013
27.11375013
27.24750013
27.17
26.93500013
26.15625025
26.03750025
26.26625025
26.09500013
25.68750013
25.505
25.51000013
25.41375
25.33749988
25.07124988
24.60749975
24.50624988
24.72375013
25.33625038
25.93375013
26.295
26.605
26.67124988
26.65874975
26.87999975
26.80749975
26.7049995
26.32249963
26.33749975
26.52374963
26.82874975
27.43374988
27.43999988
27.58499988
27.245
27.12875
26.93
26.27625013
25.77875013
25.1825
24.70124988
24.33624988
24.53124975
24.85999988
25.08874988
26.25499988
27.02374988
27.35749988
27.995
28.40499975
28.40749988
28.30124975
28.65374975
28.01124975
27.67499963
27.81499975
27.95374975
27.93499988
27.96374975
27.83124988
27.15249975
26.98749988
26.7325
26.07000013
25.24500013
24.65250013
23.99875025
23.52875025
23.28875025
22.95000013
22.66000025
22.56000013
22.40750013
22.20875013
22.25625025
22.27625025
22.19375038
22.08125038
21.93750013
21.87000025
21.85750025
21.82125038
21.76750025
21.52750013
21.54500025
21.92250038
22.4587505
23.05000038
23.71125025
24.21875013
24.84000013
25.85000013
26.595
26.93749988
27.10875
26.99999988
26.61375013
26.47125025
26.36250038
26.60875038
26.54250025
26.81500038
26.99500013
27.49750025
28.20500025
29.03875
29.82749988
30.14249988
30.50500013
30.43375013
30.24375038
30.07750038
30.00125025
29.71125025
29.62125013
29.85625025
30.30875013
30.42125013
31.00250013
31.41875013
31.45250025
31.43000025
30.7937505
29.74500038
28.6875005
27.96125025
27.02000013
26.20375
26.04374988
26.0475
26.20749988
26.16124975
25.96249963
26.13124975
26.13624988
25.9925
25.69500013
25.12250013
24.80500025
24.6150005
24.6562505
24.4712505
24.3887505
24.3925005
24.13375025
23.88125013
23.45749988
23.05624975
22.60749975
22.27624975
22.09374963
21.63249963
21.24374975
21.27499975
21.43624988
21.61249975
21.71624975
21.71999963
21.40749963
21.3849995
21.2687495
20.99124963
20.73374975
20.49125
20.47375013
20.69125038
21.09500025
21.44250038
21.77625038
22.00000025
21.835
21.74999988
21.65249975
21.41249975
21.17124975
20.77624975
20.36624963
19.99749975
19.93999988
19.94874988
20.06874975
20.22874963
20.52499975
21.02499975
21.40374988
21.70124975
22.19999975
22.51499988
22.76125
22.765
22.65125
22.6175
23.01125
23.36875013
23.38125013
23.305
23.19125013
23.08000025
22.85750013
22.40125013
21.7325
21.46874988
21.21874988
21.25874988
21.14124975
21.0074995
20.98999963
21.03874963
21.16624975
21.1225
21.47625
21.54500013
21.87625013
22.11250038
22.33875038
22.24250025
22.19875013
22.25625
22.15500013
22.4725
22.5375
22.96374988
23.47874988
24.59125013
25.89500025
27.12500025
29.46624988
31.14874975
33.10374988
35.34000013
37.37875013
38.52125
39.12375013
39.55124988
38.58125013
37.71375025
36.68375013
35.11374988
33.69874988
32.97624975
32.6737495
32.65624963
32.75999988
32.71874988
32.61624988
33.12749988
33.62375
33.73750025
33.94875063
33.92750088
33.83750075
33.91875075
33.98125075
33.44125088
32.71000063
32.1525005
31.72250013
31.53624988
31.46749988
31.475
31.31374988
31.25749975
31.17499975
31.26374963
30.88624988
30.13375013
29.6075
28.87749975
28.35874975
27.74124963
27.27499975
26.69124975
26.12874975
25.72249975
24.95999975
24.625
24.30500013
24.34750025
24.36125025
24.28375038
24.49000025
24.47625013
24.44750013
24.43749988
24.37374988
24.33875
24.35374988
24.4825
24.5
24.56874988
24.72374988
24.67125013
24.55750013
24.31375
23.96375013
23.68250013
23.23000025
22.85000038
22.49250038
22.55625013
22.5725
22.28125
22.02500013
21.94000013
21.8825
21.94999988
22.07
21.92000013
22.02875025
22.19875038
22.57375038
22.61250025
22.69875025
22.8837505
22.82375025
22.64250025
22.32125025
22.12625
22.23874988
22.35999975
22.18124975
21.86999975
22.24375
22.78125013
23.41625013
23.91250038
23.77625038
23.59625063
23.66250075
23.62875063
23.2412505
22.8562505
22.6487505
22.34250038
22.41000025
22.54500025
22.57250013
22.67625013
22.64125013
22.54375
21.98499988
21.71499988
21.27749988
20.91249988
20.6875
20.38625
20.18
19.93
19.8675
19.70500013
19.47000025
19.34375013
19.10875
19.00749988
18.79624988
18.56874988
18.44625
18.31249975
18.22249988
18.03124988
18.10249988
18.19
18.44625013
18.69750025
18.77875013
18.96375038
19.18500013
19.28375025
19.48000013
19.51250013
19.465
19.25625
19.16875013
19.12875013
18.98250013
19.18
19.17750025
19.34625025
19.48750038
19.99125013
20.69375
21.02124988
21.24124988
21.27874988
21.26749988
21.49124975
21.61499975
21.39624975
21.08499975
21.14749975
21.22999975
21.13999975
21.01499975
20.50749988
19.97749988
19.83375
19.645
19.29125
18.98000013
18.92375013
19.06374988
19.29999975
19.66374975
19.75624975
20.17125
20.70999988
21.2575
21.915
22.31500013
22.73125013
23.21125013
23.73250013
23.93875
24.1975
24.45124975
24.46124975
24.77999963
25.24999975
25.59749963
25.95124963
26.30374963
26.61124975
26.8175
26.9625
27.09375025
27.27875013
27.55250013
27.56875025
27.62000025
27.84500013
28.82124975
29.8774995
30.60624925
31.36499925
32.2687495
33.3112495
34.16999938
35.16374925
36.13499938
37.51874938
38.38374963
38.91374975
38.77124925
38.25624913
37.85624925
37.08874938
36.47374963
36.02
36.67250013
37.0175
37.42000025
38.0450005
38.47125075
39.09875075
38.95750063
37.84125063
35.88500038
34.23250038
32.9675005
32.12500025
31.2375
30.07500013
29.26250013
28.95374988
29.03875
29.60250013
30.23499975
30.61624963
32.08374975
33.29499963
34.48749975
35.29250013
36.08500013
36.30500038
36.44750075
37.05500088
36.53625075
36.44875113
36.34250075
36.4912505
37.01625063
37.50375038
38.11250025
38.49000025
38.6787505
38.41125
38.28125038
38.55250025
37.73624988
37.46750013
37.17125025
37.03875013
37.70249975
38.505
39.15
38.8825
39.08000025
38.98125013
38.57
38.13750013
37.07
36.13374988
35.00624988
34.57375
34.26125
34.00999975
33.50749975
32.89124975
32.6625
32.37500013
32.12874988
31.52999975
31.23249963
30.88249975
30.97374975
31.01749975
30.65999975
30.66874963
30.59874975
30.84124988
30.57249988
29.99999988
29.61624988
29.11499988
28.60374988
27.66749988
26.73999988
25.84374988
25.50624975
25.58124975
25.56124975
25.56749963
25.94374963
26.58249975
27.44999975
28.05124963
28.65249988
28.84124988
28.87374988
28.85250013
28.83375013
28.49875013
28.06875013
27.99500038
27.92375013
27.6675
27.47250013
27.3725
27.27125013
27.685
28.05500013
28.09625013
27.49375013
27.24000025
27.07875013
26.90875
26.67875
26.01625013
25.35375
24.88874988
24.78625
24.89
24.9025
24.97375025
25.23125013
25.82625013
26.22750025
27.05375025
28.31875013
29.12125013
29.90250013
30.605
31.0525
31.30375
31.95749963
32.14874975
31.98124963
32.24124938
32.58249963
32.87749963
33.27249988
33.6075
33.59000013
33.34875013
33.09375025
32.7375005
32.27000025
32.05750025
31.73375
31.51375
31.25250025
31.0675
30.95750013
31.04125013
31.0575
30.98125013
30.89875013
31.07000013
31.45500013
31.94
32.10625
32
32.17125013
32.05375
32.11125013
31.75250013
31.135
30.74500013
30.36875013
30.02500013
29.55125
29.21625
28.91749988
28.65749988
28.57624988
28.30374988
28.35124975
28.37874988
28.27499988
28.195
27.75125
27.26125
26.685
25.97875
25.15250013
24.28375
23.63625025
22.83500025
22.23500013
21.72125
21.39499988
21.18
20.96
20.92374988
20.87874975
20.8699995
20.9112495
20.96999938
20.9949995
21.0449995
20.91124963
20.69999975
20.48999975
20.41124988
20.175
19.87500013
19.81375013
19.82000025
20.01
20.04250013
19.95000013
19.94875013
20.04750025
20.30125025
20.17125013
20.11625
20.07000013
20.17500013
20.38250013
20.54000013
20.805
20.83124988
20.92374988
20.86874988
20.84624988
20.79624963
20.69374963
20.50749963
20.2137495
20.0262495
20.07249963
20.11499963
20.1337495
20.03124963
19.92499963
19.89499963
19.85249963
19.83874988
19.68999975
19.60374963
19.43749975
19.37874975
19.38249988
19.25124975
19.26749988
19.33249963
19.37874975
19.39874975
19.35249988
19.45875
19.45624988
19.47749988
19.35374988
19.12875
18.95375013
18.76000025
18.72750013
18.69125
18.88875
19.21750013
19.72750013
20.19625013
20.43375
20.54875
20.66125
20.46750013
20.22000013
19.87
19.31875
18.90375
18.60375013
18.38250013
18.14375013
18.21999988
18.315
18.44250013
18.55
18.5875
18.68374975
18.83374975
19.03374988
19.05374988
18.88374975
18.72999975
18.69499988
18.88624988
18.96375
18.92125
18.90125
18.81625025
18.81375025
18.72750025
18.56375038
18.51875038
18.54625025
18.86375013
19.23625
19.76124988
20.20124988
20.84499975
21.28624963
21.4299995
21.43374963
21.21999975
20.86374975
20.48249975
20.12624975
19.5925
19.15249988
18.72375013
18.49750025
18.20750038
17.9837505
17.71625063
17.4325005
17.33500038
17.3512505
17.39375025
17.43875
17.39249988
17.24374975
17.15499963
17.09874975
16.95874963
16.8174995
16.71124975
16.54749988
16.56124988
16.71
16.86125013
16.94250013
16.93250013
16.98125038
17.19875025
17.49500038
17.72875025
17.96125013
18.14125
18.22750013
18.25750013
18.16875
17.88375
17.59124988
17.275
16.91874988
16.58374975
16.53999963
16.51874988
16.69374975
16.88749988
16.88249988
16.89999988
16.975
16.92875013
16.74000013
16.6925
16.54125013
16.42500013
16.39500013
16.42625013
16.45375025
16.59875025
16.86125025
17.13000013
17.355
17.42374988
17.45374988
17.30874988
17.07874975
17.03624975
16.92874975
16.895
16.71125013
16.47000013
16.25375013
16.21750013
16.05875013
15.80375013
15.55625013
15.12
14.945
15.09750013
15.365
15.54249988
15.88875
16.2175
16.59625013
16.99125
17.0725
17.02374975
16.87374988
16.71875
16.49374988
16.27374988
15.96499975
15.69999988
15.67499988
15.63125013
15.67500025
15.73875025
15.69125025
15.59750025
15.49125025
15.34750025
15.23000025
15.04375013
14.8075
14.63
14.7375
14.95875
15.47375
16.2525
16.68249988
17.50499975
18.24749975
18.70124988
19.04375
19.3625
19.72625
19.72625
19.915
19.50875
19.1325
18.93124988
18.64999988
18.34874988
17.73249988
17.10374988
16.49875
16.17875013
15.98250013
15.95250013
15.8275
15.8925
15.76375
15.77625
15.7725
15.785
15.89875
15.81625
15.7325
15.32625
15.22
15.13625
15.30500013
15.45250013
15.51750025
15.64500038
15.88750025
16.10750025
16.39250013
16.775
17.20999988
17.45624988
17.57499963
17.85499963
18.09499963
18.6187495
18.90374963
19.00374975
18.86624975
18.85624975
18.84874988
18.48624975
18.17374988
17.58875
17.11
16.78124988
16.45749988
16.275
16.11250013
16.04125013
15.92125013
15.93500013
15.87750013
15.84875025
15.72000025
15.44000013
15.23625
15.18625
15.2175
15.0825
14.95
14.7925
14.81
14.97
15.01
14.92875
14.92125
15.0175
15.30125
15.42625
15.55250013
15.51625013
15.45250013
15.46750013
15.28750013
15.24125013
15.00250013
14.92250013
14.66875
14.7475
14.84625
15.10125
15.54374988
15.77374975
15.99999975
16.06374975
16.20749975
16.07749975
16.11249988
16.07624975
16.20374988
16.5525
16.89499988
17.11874975
17.45874988
17.92249988
18.16624975
18.33624988
18.17374988
17.78499988
17.54374988
17.36
17.08999988
16.62124988
16.24624988
15.91374988
15.62499988
15.52624988
15.3175
15.18125
14.98125
14.80375
14.69
14.58375
14.49625
14.28625
14.02125
13.8525
13.8975
13.9575
13.9525
13.99875
13.955
14.0775
14.28125
14.37125
14.36875
14.29875
14.19625
14.06
13.94625
13.78
13.67375
13.54875
13.53375
13.68625
13.87375
14.0875
14.42125
14.79875
14.935
15.11375
15.1925
15.1675
15.14625
15.175
15.32
15.31499988
15.39999988
15.48499988
15.62749988
15.80499988
16.00999988
15.85499988
15.52874988
15.21
14.97
14.7475
14.34875
13.945
13.58875
13.50625
13.41125
13.3325
13.23
13.21625
13.2025
13.15625
13.08
13.005
13.01625
13.02
13.01875
12.95375
12.9525
13.0175
13.13625
13.1875
13.135
13.075
13.02125
12.99
12.91375
12.79875
12.58375
12.41375
12.2475
12.08375
11.92
11.84625
11.8025
11.72125
11.7975
11.98
12.29625
12.6125
12.97
13.15
13.33625
13.5375
13.61625
13.525
13.37
13.17625
12.97375
12.92375
12.96625
13.1075
13.29
13.4775
13.5525
13.65375
13.75
13.705
13.48
13.1425
12.785
12.42875
12.215
12.01
11.855
11.69125
11.61625
11.59875
11.53375
11.52
11.525
11.4725
11.615
11.725
11.7425
11.73875
11.84
11.9575
12.04875
12.2675
12.1175
12.10125
12.205
12.35625
12.4075
12.5025
12.48875
12.51625
12.71
12.83875
12.93125
13.045
13.2675
13.425
13.55375
13.62875
13.75375
13.7975
13.9075
13.9675
13.9475
13.9
13.86625
13.68875
13.455
13.2475
12.9075
12.81
12.8625
13.37
13.79624988
14.12499988
14.66249988
14.96624988
15.47624988
15.63999988
15.68749988
15.32874988
15.36625013
15.41000013
15.18500013
15.20000013
15.00875013
14.92875013
14.82125013
14.68125013
14.4375
14.33
14.45500013
14.67875013
14.90750013
14.98125013
14.92875013
14.87500013
14.65375013
14.46625013
14.0375
13.57
13.14
12.8375
12.795
12.675
12.5125
12.4125
12.36125
12.3375
12.395
12.38625
12.22
12.13125
12.125
12.03875
11.8975
11.78375
11.63
11.505
11.39125
11.45125
11.5
11.6325
11.68625
11.7225
11.79375
11.83375
11.9125
11.93
11.96875
11.835
11.7975
11.695
11.545
11.47125
11.3025
11.115
10.86
10.7075
10.66875
10.615
10.6475
10.67
10.67375
10.6425
10.7825
11.01375
11.11125
11.275
11.4525
11.63875
11.995
12.23
12.33125
12.37375
12.4975
12.55125
12.67625
12.77875
12.805
12.9325
13.0625
13.1775
13.35625
13.54
13.565
13.5925
13.62125
13.51875
13.485
13.51375
13.35875
13.2075
13.10875
12.91625
12.66625
12.64
12.61
12.475
12.26125
12.21375
12.1775
12.40375
12.61375
12.685
12.70125
12.735
12.91125
12.92375
12.83375
12.6675
12.65125
12.85
13.09
13.31875
13.68375
14.1075
14.64499988
15.14624975
15.35499975
15.36999975
15.41624975
15.27999975
15.34999988
15.41249975
15.22749988
14.985
14.95
15.11875
14.98375
15.21125
15.05374988
14.7225
14.505
14.335
14.14875
13.78125
13.6
13.1725
12.77
12.6075
12.51125
12.3975
12.16625
11.92125
11.67375
11.51125
11.4275
11.265
11.21625
11.17
11.27125
11.28625
11.31
11.435
11.505
11.6675
11.71375
11.68875
11.615
11.59875
11.5325
11.42375
11.31875
11.21875
11.09125
10.98125
10.83375
10.72875
10.865
10.9425
11.05875
11.145
11.13875
11.20875
11.33625
11.4275
11.3725
11.31125
11.2275
11.11875
11.13
11.1975
11.315
11.4375
11.86625
12.25
12.54625
12.755
12.90375
12.91125
12.92875
13.05
12.775
12.6875
12.64375
12.665
12.81125
12.91875
13.01
13
13.12375
13.00125
12.92
12.725
12.5275
12.475
12.32
12.195
11.95875
11.87625
11.88
11.8875
11.85125
11.795
11.9025
12.00125
12.10875
12.245
12.18375
12.1625
12.04
11.96375
11.86875
11.80125
11.735
11.6025
11.5225
11.4975
11.55375
11.5675
11.5175
11.37125
11.34375
11.315
11.36
11.35625
11.34875
11.3475
11.4325
11.5875
11.76625
11.9375
12.03875
12.21875
12.2525
12.23625
12.15875
12.08375
11.9275
11.80125
11.72375
11.63125
11.655
11.8075
11.85125
11.90125
11.915
11.89875
11.92875
11.9475
11.97125
11.965
12.24
12.4375
12.62375
13.20375
13.8275
14.47625
15.21874988
15.93999988
16.33625
16.5775
16.69125
16.99125
16.92250013
16.59000013
16.16500025
15.96375025
15.96125013
16.24875
16.76
16.69250013
17.25749988
18.41874975
19.31124963
19.21749963
19.20624963
19.20999975
19.00249988
18.67749975
18.04249988
17.0525
16.32250013
16.38500013
16.20250013
15.60250013
15.15125
14.8425
14.62625
14.34625
14.14
13.8425
13.51125
13.69375
14.28250013
14.9075
15.46874988
15.97999988
16.17749988
16.45124975
16.98374975
17.04499975
16.67749963
16.24874975
15.78624988
15.35999988
15.28499988
15.14
14.7575
14.6925
14.62875
14.705
14.74125
14.85
14.78875
14.695
14.685
14.555
14.31375
13.94
13.49125
13.11875
12.835
12.5975
12.365
12.22625
12.1975
12.2025
12.275
12.28625
12.2575
12.28625
12.45375
12.65
12.7725
12.86125
12.82375
12.6825
12.63125
12.5225
12.2775
12.04
11.81875
11.72625
11.81
11.9275
11.925
11.9025
11.895
11.895
12.0425
12.04125
11.95
11.9325
11.93625
11.94875
11.92375
11.87875
11.69375
11.5075
11.41125
11.38
11.3525
11.255
11.14375
11.07625
11.0375
11.02625
10.96
10.84375
10.82625
10.85125
10.96125
11.00375
11.05125
11.11375
11.18
11.17375
11.15
11.11125
11.03
10.915
10.80875
10.68375
10.55375
10.45625
10.3175
10.23625
10.22
10.445
10.60875
10.6925
10.8
11.01125
11.1775
11.31875
11.39375
11.44
11.49625
11.48125
11.44875
11.26375
11.10625
10.95375
10.8625
10.56625
10.34
10.3175
10.40625
10.54125
10.625
10.7425
10.8625
11.08
11.23625
11.4375
11.5175
11.59875
11.7025
11.6875
11.51125
11.34875
11.23375
11.0725
10.8725
10.73
10.58875
10.46625
10.6
10.64875
10.75625
10.77
10.7725
10.715
10.6825
10.765
10.69375
10.5925
10.46625
10.48375
10.6325
10.63625
10.655
10.61375
10.535
10.525
10.495
10.38
10.25125
10.3525
11.36249988
12.01249988
12.73749988
13.78375
14.96249988
15.68499988
16.26749988
16.65999988
16.1325
15.95375
16.24249988
16.07499975
15.67499988
15.77875
15.6975
15.57
15.3325
15.2
14.55250013
14.03875013
13.67000013
13.44375
13.5125
13.68375
13.97625
14.0425
14.07875
14.0875
14.045
13.7575
13.55125
13.31
13.01875
12.83375
12.69625
12.595
12.52
12.44375
12.3875
12.43875
12.565
12.66625
12.705
12.93
13.05125
13.1775
13.18375
13.1575
13.15
13.2025
13.25625
13.17875
13.10875
13.21875
13.33375
13.4075
13.4525
13.39625
13.44875
13.38125
13.4175
13.4325
13.34875
13.3525
13.2675
13.30375
13.23875
13.2675
13.31625
13.415
13.87999988
14.04374988
14.27874988
14.73124988
14.97499988
15.01874988
15.05749988
14.87624988
14.35
14.32875
14.26625
14.15125
14.39125
15.04749988
15.24624988
15.51124988
15.93374988
16.02499988
16.11374988
16.07999988
15.83874988
15.3725
15.6275
15.76499988
15.67874988
15.64749988
15.73124988
15.74999988
15.90999988
15.91874988
15.84125
15.8625
16.23874988
16.60749988
17.25124988
18.31874988
18.9275
19.96375
20.80374988
21.35499988
22.18125
22.78625013
22.88875
22.54875013
23.25
23.84749988
24.20999988
25.0175
25.70625
26.69249988
27.74625
28.35624988
28.20249988
27.52624988
27.0325
26.16249988
25.16874975
24.60249963
23.8299995
23.67124938
23.43749925
23.4237495
23.66874938
24.0774995
24.51624963
24.65124963
24.83374975
24.82124975
24.99374988
25.26124975
25.49874975
25.04374975
24.26874988
23.40250013
22.61875013
21.92000038
21.15000038
20.23875025
19.05375025
18.76000025
18.48625013
18.24125
18.21624988
18.09999988
17.88874988
17.86749988
17.7575
17.59125
17.72124988
17.62624988
17.6825
17.87999988
18.08375
18.21375013
19.06874988
19.68999975
19.88124988
20.26499975
20.50499975
20.44749963
20.61374963
20.93499963
20.38124988
20.57749988
20.90249988
21.34124988
21.36874975
22.23499988
23.02124975
23.94999975
25.51999963
25.63124975
25.99749988
26.46624988
26.97875
26.91875
26.75874988
26.55124988
25.86625
26.4675
26.51
26.01625025
25.82625013
25.43375025
25.2750005
24.89375063
24.50875063
23.5150005
22.83625038
22.41500025
22.36750038
22.31750013
22.18624988
22.12124975
22.36999963
22.57999963
22.68374963
22.66374963
22.0237495
21.53999963
21.05249975
20.67624975
20.20374975
20.18624988
20.37249988
20.61124988
21.29500013
21.94375025
22.79000025
23.27250038
23.6112505
23.7587505
23.7250005
23.8312505
23.88625025
24.47
24.68875
25.54999988
26.24624975
26.75874988
27.53124988
28.08625
28.45375013
28.34875038
28.2262505
27.3525005
26.9737505
27.03125038
27.01750025
27.00250013
27.08875013
27.08625
27.10249988
27.20999975
27.15374988
26.75124988
26.32875
25.92125
25.56000013
25.1175
24.70500013
24.33250025
23.97625025
23.79000038
23.9087505
24.14375063
24.1937505
24.26125063
24.82625038
25.52500038
26.36125013
26.71500013
26.79999988
26.92624988
27.63124988
28.58625013
28.36625038
28.66000038
28.31500063
28.2362505
28.0487505
27.89750038
27.23750025
26.42124988
26.39874988
25.50374988
25.10499975
24.78999963
24.38124988
23.92374988
23.48375013
23.12125013
22.6675
22.76499988
22.81374988
22.76000013
22.52000013
22.26375025
21.985
21.69625013
21.55750025
21.15750038
20.68750025
20.28875013
20.17749988
20.16124975
20.24375
20.04124988
19.70499975
19.53499975
19.30374975
19.32124975
19.29124988
19.18749988
18.81249988
18.7
18.635
18.30999988
18.09249988
17.75249988
17.52499988
17.42249988
17.45499963
17.6512495
17.89874938
18.2449995
18.4537495
18.5562495
18.8374995
19.0437495
19.3874995
19.2724995
19.7624995
20.26874963
20.89874975
21.68499988
22.12249988
22.24499975
22.26375
22.57625
22.41125013
22.21875
22.18000013
21.99499988
21.88124988
21.87124988
22.24374975
22.5325
22.74625013
23.00500013
23.38625
23.65375025
24.07375038
24.3250005
24.4875005
24.75625038
25.19875025
25.80250025
26.13000038
26.17000025
26.07375013
26.18625
25.91374988
25.36249988
24.58999975
23.95999988
23.25624975
23.14749975
22.77499988
22.41999988
22.40625013
22.58000013
22.85250025
22.565
22.23
21.845
21.67374988
21.53750013
21.31625
21.18874988
20.79499988
20.6
20.69375
20.71000013
20.68000013
20.6425
20.34749988
20.27499988
20.29374988
20.31624988
20.12249988
20.04374975
20.23999975
20.44124975
21.09375
21.355
21.62374988
22.33749975
22.97374975
23.44124963
23.89999963
25.18374975
25.9674995
27.61249975
28.91999963
29.74499975
30.9112495
32.32749975
33.51874963
33.6587495
34.21374988
35.52624988
36.3125
37.28000013
38.70625013
39.88374988
41.99124988
44.59874988
47.4474995
49.59749913
53.41749888
55.314999
56.54874938
59.5624995
61.50749975
63.58875
63.01875025
61.66750063
61.63000125
63.23125138
66.23125088
67.58250063
67.50125038
67.455
68.69625013
69.54374988
67.54749963
65.03874925
61.96749975
59.92
58.56249988
57.315
57.13249963
57.95374963
58.72249988
61.04499963
62.86874975
63.36374963
65.63375013
68.24375025
69.64750013
69.42749988
69.56124988
68.13749988
66.4037495
66.51249988
65.10249963
62.58499963
61.45624975
60.86000013
60.55875013
61.05750038
61.1137505
59.52250013
58.435
57.93999963
56.53124963
55.26999963
53.87624938
52.12874938
50.7324995
49.38749963
48.12874963
46.45625
45.39750038
44.3712505
43.4537505
42.73625038
42.0512505
41.24375063
41.14125063
41.03875063
40.90375038
41.43000025
41.83875025
43.08250025
44.5725
45.51625
47.17375038
47.65625
48.21500013
48.39375013
48.69625
47.83500013
46.41750013
45.98250013
44.50624988
44.39375013
43.86500013
43.43749988
43.1925
43.33249988
43.82999975
44.33499938
44.29624925
43.76249925
43.74624913
44.34749938
44.93874925
45.40249963
46.10999963
46.85374975
46.97375013
47.40124988
47.61749988
47.32874963
47.8525
48.33374975
48.11625
47.80999988
48.28999988
48.91625013
48.88
48.53750038
47.10375013
46.03250025
45.55500038
44.3837505
43.22500038
42.47500038
42.66500038
42.61750025
42.83625025
42.82250013
42.4
42.43000025
43.11500025
43.17250013
42.72125013
42.57250025
42.16875038
42.00375038
42.00750013
41.73374975
40.6074995
39.81624975
39.23999963
38.50624925
38.01749925
37.14374913
36.99249925
36.77874938
36.97499925
36.89249938
36.78624963
37.05499988
37.32499988
37.59250025
37.25750025
37.02750025
36.58125038
36.10750025
35.56125038
34.95125025
34.21375
33.81249963
33.2249995
33.01874988
32.62375013
32.59374988
32.31749975
31.73749975
31.36
31.17000013
31.27375038
30.89500025
31.01875025
30.83750038
30.67250038
30.82750063
30.90250038
30.86125038
30.55500025
30.43000025
30.10625013
29.68125013
29.62375
29.3825
29.19750013
29.17125
29.48375
29.72375
29.75625013
29.72125013
30.06000025
30.36875013
30.48125
29.92500025
29.08125025
28.30750013
27.8475
27.62624988
27.22375
27.02625
27.25125013
27.86874988
28.35
28.80875
28.80374988
28.65375
28.39624975
27.94874975
27.13499975
26.27249988
25.53374988
24.83999975
24.47999988
24.23874988
24.03750013
23.98625013
24.14500025
24.27000025
24.52625013
24.78750013
24.97
25.19625
25.36999988
25.33874988
25.26124975
25.33499975
25.27624988
25.16999988
25.0925
25.46624988
25.52999988
25.71749988
25.72999988
25.60749988
25.56874963
25.59499975
25.67999988
25.27875
25.10125
25.07
25.5775
26.06375
26.30875013
26.35125013
26.43500013
26.39000013
26.23875
26.00625
25.34500013
24.66000013
24.23375025
24.03250025
23.82000013
23.7875
23.72875013
23.64625013
23.78250013
24.05625025
24.205
24.39750013
24.60875025
25.13500038
25.83500038
26.25375038
26.34750038
26.23125025
26.14375038
25.88500038
25.56000025
24.90000025
24.17250038
23.53250025
22.99875013
22.60000013
22.19000013
22.07749988
21.7875
21.6975
21.87874975
22.26749988
23.07749988
23.48624988
24.71
25.65500025
26.67
27.35124988
27.49125
27.41125013
26.81625013
26.57625013
25.62000013
24.9275
24.24625025
23.64250025
23.26500025
22.945
22.87999988
22.79875
22.56374988
22.09249975
21.73249963
21.96374975
22.22624975
22.26249988
22.07375013
22.10749988
22.11874988
22.3225
22.72375013
22.46375013
22.19000013
22.14875013
22.1525
22.03125013
21.94250025
21.99375025
21.74250013
21.47125013
21.12375025
20.88875013
20.67875
20.48375
20.41749988
20.09874975
20.09874975
20.04249988
20.01874975
19.94999988
19.89874988
19.67374975
19.36624963
19.15249975
18.67374975
18.3724995
18.1924995
17.9949995
17.94749963
18.46499975
19.68499975
20.57999975
21.41749963
22.10624963
22.83374963
23.71374975
24.20249975
24.10374975
23.38999988
23.47374988
23.66875013
24.09000025
24.37375025
24.47125013
24.6425
24.79875
24.88
24.33499988
23.64999963
22.83874963
22.08124975
21.57749988
21.11625
20.7875
20.44375
20.13625013
19.94000013
19.79125013
19.63874988
19.14499975
18.83499988
18.56249988
18.44624988
18.29624975
18.11124988
18.00749988
17.87875013
17.81500013
17.66875013
17.55
17.33750013
17.12375025
17.12000013
17.17000013
17.18
17.265
17.32874975
17.40624988
17.48124963
17.56499963
17.39999975
17.17749988
17.01624988
16.83499975
16.64124988
16.4675
16.23250013
16.09125013
16.35750025
16.44750013
16.35375013
16.37625025
16.48750013
16.54000013
16.775
17.63999988
17.97999975
18.11749988
18.90749975
19.39124988
20.3125
21.34874988
23.26499988
25.53250013
26.50250013
27.7375
28.17125013
28.9825
29.9075
30.64875
30.7425
30.03874988
32.1575
33.62999975
35.22999975
36.22124988
36.69374988
36.54874988
36.36375
36.39125013
34.43875
33.10875013
32.75375013
32.99875
32.83375013
33.34000013
33.15250013
32.30875013
32.11000013
31.66125038
30.46625038
29.02625025
27.80750025
26.70125013
26.26125
26.02624988
26.17124988
26.50374988
26.88874988
28.02375013
29.34750013
30.34500038
30.72875063
31.07125063
30.70875063
30.35625038
29.85375038
28.64125025
27.39375
26.39749975
25.7749995
25.3499995
25.24124938
25.0187495
25.10124938
25.12624925
24.98999925
24.71999938
24.47624963
24.22624963
23.99624963
23.94249963
23.48874975
23.23874975
23.08124975
23.00249975
22.82124963
22.5574995
22.33749975
22.57374963
23.03874963
23.48999975
23.97624988
24.25499988
24.61124988
25.14875013
25.53875
25.57250013
25.78875
25.84625013
26.00500025
26.02000038
26.34750025
26.29875
26.09874988
25.79
25.02125
24.65874975
24.14374963
23.93874938
23.2862495
22.6812495
22.3899995
22.25374938
22.30499938
22.0812495
21.8624995
21.80499963
21.86999963
22.20249988
22.22124988
22.27625
22.38625013
22.54125013
22.81625025
22.83500025
22.96250038
22.69875025
22.67125038
22.54875013
22.3125
21.77624988
21.17999975
20.75124975
20.2949995
19.95374963
19.65374963
19.53749963
19.42249988
19.46125
19.44250013
19.54000013
19.58250013
19.79249988
20.01624975
20.0875
20.34249988
20.62999988
20.72749963
20.56124963
20.31624975
20.01375
19.78875013
19.44749988
19.04874975
18.92874988
19.00875013
19.51625013
19.95375013
20.01125
19.88125013
19.86875038
20.11750038
19.98625013
20.23874988
20.1075
20.33000013
20.65625025
20.825
20.77999988
20.45375
20.25750013
19.69750025
19.16250013
18.42125013
17.94499988
17.72250013
17.71375025
17.63500013
17.40000025
17.23375025
17.13875025
16.86875013
16.73375013
16.74125
16.68874988
16.67500013
16.85125
17.01875
17.15875013
17.4
17.46875013
17.43500013
17.3875
17.42
17.34124988
17.15249988
16.99999963
16.75999975
16.61624975
16.60499963
16.71124975
16.8274995
16.92249963
17.09124963
17.12249963
17.20874963
17.72999975
18.0075
17.96249988
17.81624988
17.69625
17.48875
17.44375025
17.40125025
16.88000013
16.45
16.20750013
16.03875025
15.99875025
16.09750013
16.13625
16.21375
16.82999988
17.58499975
18.28874975
18.69749963
18.9449995
19.48124963
19.99499975
20.26624975
20.04874975
19.86499988
19.67749988
19.80249988
20.24374975
20.12749975
20.1812495
20.8962495
22.18874963
22.90249975
23.47999988
23.52875013
23.32000013
23.20625013
22.81500025
22.01375025
20.76875038
19.74250025
18.90125
18.54249988
18.19125
17.9825
17.88875
17.7625
17.47125
17.43500013
17.29500025
17.21375025
17.15375025
17.00000025
16.75875025
16.76625013
16.60625
16.25624988
16.01874988
15.85374988
15.69124988
15.57624988
15.48874988
15.2125
15.2325
15.43625013
15.73500013
16.03875025
16.38625025
16.61250025
16.77375025
17.04875038
17.0537505
17.10000038
17.24500038
17.16375013
16.89250013
16.68750013
16.87750013
17.0425
17.26624988
17.26624988
16.99749988
16.80125
16.70375
17.05124988
17.13374988
17.09375
17.1775
17.3025
17.64000013
17.86375013
18.29000025
18.4537505
18.4750005
18.89625038
19.42625038
19.89875038
20.04875025
20.18500038
20.14250025
20.10250025
20.45750025
20.36250013
19.91750013
19.34500013
18.91125013
18.5375
18.22999988
17.86124975
17.21749975
16.64124988
16.54374975
16.86874988
17.29249988
17.90874975
18.3425
18.91875013
19.32625
19.71875
19.615
19.32124988
19.25124988
19.18
19.61124988
19.95999975
20.71499988
21.28624988
22.19000013
22.9225
24.46125
25.9325
29.06
30.47500013
32.69250038
34.61000038
36.05625038
37.11750063
37.26625038
37.21375038
36.54750013
37.54624988
37.4774995
37.1362495
37.07874963
38.06499925
38.4074995
38.49499938
37.2724995
35.84374975
34.51624988
34.22249963
34.35999938
33.56249975
33.40374975
34.18374988
34.89625
35.55749988
35.90499963
35.66124975
34.90874975
34.82749963
34.64499975
34.49499975
34.8399995
35.3824995
35.93499975
36.65249975
37.915
38.67875
39.94124975
40.95749988
40.89125013
40.46125025
40.11750025
39.9287505
38.92125025
38.17375038
36.7112505
34.8675005
33.2950005
32.74250025
32.15375013
31.93374988
32.15374975
31.96124963
31.71124963
31.90124963
32.10374975
31.11249975
30.23375
29.67375
29.67250013
29.85000038
30.00500038
29.74750025
29.74625013
29.99875025
31.45250013
31.80875038
31.2175005
31.01625013
31.10625
31.52499975
32.1074995
32.6724995
32.2662495
32.16124925
32.65374913
33.07124938
33.18499963
32.82624975
31.98749988
31.41374988
30.73999988
30.22375
29.49249988
28.76749975
28.57499963
28.04249963
27.77624975
27.52624975
27.34124988
27
26.52000025
26.05125025
25.13000013
24.51125025
23.94750025
23.36250025
22.84625013
22.6475
22.44249988
22.25249988
22.22124988
22.31999975
22.35999975
22.34749963
22.24249963
21.88874975
21.68874963
21.3224995
21.06499963
21.06249988
20.98874975
20.89375
20.54500013
20.2925
20.02500013
19.75500013
19.46250013
19.00375013
18.81750025
18.76375025
18.7975
18.71125
18.485
18.41625013
18.30125013
18.255
18.15874988
18.32749988
18.38875013
18.58375025
19.08875013
19.27125
19.28750013
19.29125025
19.2362505
18.73750025
18.52125
18.3525
17.955
17.85625013
17.79125
17.67875
17.66124975
18.17
18.39000013
18.36000013
18.25375038
17.90500038
17.59750038
17.35000025
17.02125038
16.22125025
15.71750025
15.42125013
15.17375
15.165
15.1675
15.03625
15.0575
15.1825
15.2375
15.2275
15.29125
15.3025
15.50500013
15.81000025
16.21250013
16.8275
17.395
17.60750013
18.09625
18.58249988
18.83499963
19.07749938
19.02124963
18.65249988
18.52124975
18.63374963
18.29249975
17.87874988
17.61125
17.42500013
17.205
17.13499975
16.95874975
17.09124975
17.35624988
17.70749975
18.17749975
18.38749975
18.79874963
19.42249988
19.97374988
20.36249988
21.05624975
21.81249988
22.05374988
22.50999988
22.815
22.77375
22.74750013
22.59250025
22.54875013
22.41875
23
23.45500013
23.74875013
23.82625
23.82124988
23.84624975
23.77374975
23.52749988
23.22874988
22.67374975
22.22749988
21.74749988
21.32999988
20.83124988
20.39625
19.89875013
19.4125
19.16749988
18.95999988
19.13374975
18.97124988
18.91624975
18.48874975
18.41249963
18.00249975
17.78499988
17.69374963
17.47374988
17.62999988
17.6225
17.67875013
17.55125013
17.43375013
17.11750013
16.81125025
16.89500025
17.16250013
17.48750013
17.54000013
17.56750025
17.80125038
18.23625038
18.57250025
18.44125013
17.83750025
17.41375025
17.22125013
17.04875
16.70499988
16.18124988
15.52375
15.18375
15.0575
14.85
14.5325
14.37
14.3375
14.38375
14.66625
14.7075
14.9225
15.1975
15.64874988
16.12499988
16.43124975
16.78999975
17.01249975
17.06499975
16.81874975
16.79249988
16.71125
16.4575
16.03000013
15.59625013
15.20250013
15.02500013
14.96250013
14.68625
14.3825
14.17625
14.34875
14.63624988
14.66749988
14.86124988
15.16624988
15.37124988
15.55249988
15.60249988
15.46499988
15.2525
15.44375013
15.51375025
15.42250025
15.47625013
15.45625013
15.54000013
15.63250013
15.62250013
15.70874988
15.74999988
16.15499988
16.42875
16.78500013
17.10875
17.55
17.75750013
17.82375025
18.04875013
17.89250013
17.98625013
18.0325
18.13250025
17.89250025
17.88750013
17.92875013
17.87500013
17.72875013
17.24875013
16.82250013
16.41
16.2175
16.07375
15.82375
15.51375
15.345
15.42375
15.61874988
15.845
16.00999988
16.14499988
16.14249988
16.20999975
16.27374975
16.28374975
16.27374975
16.25874963
16.24374975
16.11749975
16.29999988
16.5025
16.78625
17.0225
17.38750013
17.69625
18.49374988
18.79999988
18.46499975
18.07624975
17.57499975
17.06874975
16.33624975
15.62874988
14.475
13.8925
13.7475
13.62125
13.57
13.5425
13.3975
13.225
13.09625
13.0125
12.93375
12.93625
12.9225
13.01625
13.24375
13.3025
13.57875
13.7075
13.7725
13.76375
13.7275
13.555
13.35
13.36
13.10875
12.95125
12.81375
12.96125
13.23625
13.39
14.18375
14.67000013
14.92875013
15.31000013
15.69125013
15.60750013
15.39000013
15.31000013
14.56875013
14.03375
13.6375
13.2325
12.79125
12.4525
12.18
12.15875
12.325
12.335
12.63875
12.80125
13.04
13.22375
13.455
13.3725
13.27125
13.285
13.3125
13.3525
13.375
13.4275
13.38875
13.34625
13.17875
13.08875
13.47125
13.48
13.80375
14.34999988
14.61624988
14.86999988
15.02499988
15.21874988
14.76249988
14.71874988
14.36874988
13.86375
13.80375
13.70375
13.625
13.50625
13.4075
13.28875
13.21625
13.1
12.8575
12.755
12.75
12.80125
12.75375
12.79875
12.82875
12.9825
13.1725
13.325
13.53375
13.75375
14.01375
14.42374988
14.7875
15.09375
15.5225
15.85249988
15.93499988
16.01124988
16.32874988
16.615
16.63124988
16.74124988
16.65374975
16.65125
16.83874988
17.46999988
17.69874988
17.88875
18.14624988
18.15374975
18.16125
18.1925
18.15875025
17.65250038
17.3150005
16.66250038
16.2012505
15.84375063
15.5125005
15.15625038
14.84000025
14.50875013
14.28625
14.1475
14.02125
13.795
13.555
13.38625
13.30375
13.20125
12.98875
12.94
12.8925
13.00625
13.0875
13.0025
12.835
12.80375
12.83625
12.75375
12.75625
12.67625
12.5975
12.73
13.09125
13.2975
13.5625
13.835
14.15125
14.395
14.60375
14.8475
15.1025
15.3675
15.58124988
15.84374988
15.9275
16.0675
16.29125
16.39875
16.25625
16.01125
15.63750013
15.29750013
14.99125
14.80375
14.64875
14.36625
14.0575
13.88125
13.9425
13.91625
13.8975
13.8575
13.97375
14.35
14.6475
15.0825
15.5025
15.835
16.51
17.295
17.8125
17.7975
17.82
17.75375
17.8775
17.62375
16.8825
15.97
15.165
14.77125
14.48375
14.125
13.42875
13.25375
13.245
13.32125
13.395
13.38875
13.3275
13.33625
13.28375
13.35875
13.295
13.155
13.03875
12.94375
12.87375
12.73875
12.7925
12.7275
12.79
12.80625
12.73625
12.77
12.825
12.92375
12.99875
13.10375
13.2475
13.5025
13.855
13.98
14.065
14.18125
14.39625
14.56
14.71125
14.87750013
15.01875
15.02
15.1025
15.0875
14.79
14.4075
13.97875
13.53249988
13.20125
13.19125
13.20125
13.1975
13.26125
13.31625
13.38375
13.4375
13.26
13.205
12.96125
12.77625
12.64875
12.58875
12.58875
12.5825
12.78625
13.39374988
14.03624988
14.47624988
15.07874988
15.685
16.3775
17.45250013
18.12000025
18.3462505
18.3225005
18.2587505
17.9975005
17.65000038
17.13625038
16.22375025
15.53125013
14.77125
14.555
14.4925
14.42
14.385
14.30625
14.3325
14.39125
14.4075
14.47
14.38375
14.285
14.2825
14.3375
14.31875
14.41375
14.4725
14.49999988
14.96499988
15.18374988
15.22249988
15.34874988
15.38874988
15.41374988
15.49124988
15.21625
14.855
14.7275
14.71375
14.55875
14.38125
14.1425
13.9275
13.92
14
14.03375
13.96
14.21125
14.70250013
15.08000025
15.36000025
15.38750025
15.11125025
14.90625025
14.82750025
14.50000025
14.03625013
13.78
13.575
13.51625
13.5225
13.5225
13.4875
13.49
13.55
13.4675
13.4
13.30125
13.15375
13.01375
12.92125
12.90625
12.73625
12.61375
12.555
12.42875
12.40375
12.3075
12.225
12.03875
11.93
11.8025
11.63
11.625
11.63125
11.67125
11.57375
11.5075
11.435
11.46
11.5825
11.62125
11.6925
11.74
11.725
11.65875
11.64125
11.56375
11.51
11.43625
11.30875
11.20875
11.32875
11.395
11.39125
11.30875
11.20875
11.2575
11.26
11.42625
11.49
11.57375
11.71625
11.80125
12.2025
12.2125
12.3575
12.31375
12.24375
12.24625
12.3375
12.5325
12.375
12.53375
13.05125013
13.65000025
14.10000025
14.72875038
15.1887505
15.7012505
16.0125005
16.1250005
15.77250038
15.25625025
14.91875025
14.45375013
13.9475
13.39125
12.8925
12.58375
12.25125
12.10125
12.0025
11.83125
11.7975
11.7825
11.84125
11.91625
12.0625
12.11125
12.24
12.455
12.55875
12.6475
12.78
13
13.01125
13.08125
13.0025
12.82875
12.93
13.19625
13.19125
13.38125
13.64625
14.0625
14.59749988
15.17249975
15.48124975
15.43374975
15.70749975
15.90249988
15.93499988
16.28249988
16.89875
17.89
18.71875013
20.05875013
21.27625025
21.87500013
22.30750013
21.97250013
21.55125025
20.5375005
19.7025005
18.54875063
17.1975005
16.3425005
15.8362505
15.5800005
15.18750038
14.98250025
14.74000013
14.44375
14.285
13.975
13.775
13.64875
13.53125
13.33375
13.31125
13.335
13.44
13.55375
13.55125
13.50125
13.30875
13.15375
13.07125
13.10875
12.97
12.835
12.77
12.67875
12.92375
13.33375
13.98375013
14.72375013
15.75250013
16.74250013
18.14125013
19.08500025
19.41000013
19.55250013
19.1425
18.4825
17.64375
16.90375
15.84
15.39999988
15.69875013
15.86125025
16.44500025
17.23500038
17.85250025
18.16625025
18.47750013
18.93750013
19.10749988
19.56874975
19.87749963
19.85624963
19.92874963
20.15874963
20.01499975
19.64749975
19.01749988
18.48499975
18.24125
17.96749988
18.10249988
18.17499988
18.29124988
18.49999988
18.66624988
18.67500013
18.43874988
18.24749988
17.74624988
17.23499988
16.90499988
16.58874988
16.41374988
16.16374975
15.63249988
15.29874988
14.89
14.7025
14.605
14.2975
13.99625
13.8175
13.80875
13.74375
13.9325
14.085
14.43250013
14.87375025
15.17125025
15.43875025
15.61125025
15.81375025
15.66000025
15.53625025
15.07750013
14.645
14.42
14.35
14.37375
14.3
14.3675
14.52
14.78125
14.93875
15.07875
14.99625
14.76875
14.52125
14.28
14.11125
13.93125
13.7025
13.435
13.32375
13.23875
13.25875
13.275
13.0925
12.92
12.955
12.93125
12.86875
13.025
12.95625
12.97375
13.2025
13.56
13.81125
13.8675
13.925
13.83875
13.97125
13.9575
13.71625
13.41375
13.12875
13.13125
12.91375
12.6975
12.735
12.80125
12.9175
13.05625
13.19625
13.36625
13.56
13.8825
13.90125
14.15375
14.29875
14.22125
14.08125
14.02375
14.24
14.2525
14.28875
14.02625
13.9625
13.9025
13.81
13.745
13.5725
13.47375
14.0175
14.6475
14.91375
15.42000013
16.03250013
16.38625013
17.09250013
17.83625
17.58375
17.0425
16.7025
16.25749988
15.64499988
15.12749988
14.20124988
13.2325
12.64375
12.48625
12.5325
12.82875
12.995
13.06375
13.04875
13.03625
13.09125
13.13625
12.9825
12.75375
12.7475
12.71375
12.91125
13.0975
13.21375
13.1925
13.25625
13.25875
13.49125
14.35499988
16.145
19.53625025
22.35250025
24.53875025
26.17375025
27.70625013
29.35375013
30.88625025
30.64375013
28.7525
27.72499988
27.04749988
27.06374988
26.85375013
26.20000025
25.30625025
24.86250038
24.33000025
23.49750025
23.17000038
22.40875025
22.16750025
22.03375
21.93624988
22.07124988
22.85624975
23.56749988
23.84499975
24.14624975
23.95874975
23.635
23.12625013
22.47375
21.19750013
19.97875013
18.93750013
18.32750025
17.96375025
17.5275
16.98375
16.55625
16.3475
16.30000013
16.08500013
15.68375013
15.34125
15.26375013
15.17375013
15.12750013
15.04250013
14.72375
14.735
14.86625
14.83625
14.69875
14.9725
15.0575
15.18124988
15.70875
16.40125
16.7325
17.20625
17.52125
17.58
17.6025
17.54750013
17.2425
16.63125
16.25125
15.91249988
15.63999988
15.50499988
15.835
15.73375
15.7225
16.02375
16.58500013
16.98625025
18.20125013
19.05375013
19.40875013
19.79000025
20.17750038
20.5650005
20.4512505
20.1087505
19.00625063
18.13250063
17.6275005
17.40500038
17.19875038
16.88750013
17.13750013
17.48000013
18.10750013
19.26375013
20.52625013
21.55375
22.20124975
23.07749975
23.48374975
24.44374975
25.12624963
25.45124963
25.41124975
25.16624988
25.37625
25.03625013
24.93125013
24.35625013
23.62500038
22.67375038
22.08500025
21.99875025
21.71000025
21.82000013
22.18125
22.69625013
23.45750013
24.4775
24.905
25.21250013
25.27125
25.05375
24.37000013
23.47499988
22.81124975
21.88374975
21.09749988
20.55999963
20.33999963
19.84749988
19.41749975
19.0825
18.56750013
18.14625025
18.09125013
17.90750025
17.59500025
17.44500013
17.42375013
17.44125
17.20749988
16.84374988
16.26249988
15.69374988
15.20875
15.01375
14.74125
14.54125
14.395
14.285
14.27625
14.19
14.18375
14.24375
14.1625
14.2775
14.47
14.8075
14.92
15.0125
14.9625
14.7375
14.645
14.28
14.02
13.73125
13.5275
13.5575
13.5875
13.60625
13.84
14.1475
14.3225
14.52875
14.88249988
15.11124988
15.20624988
15.30624988
15.10749988
14.98124988
14.94749988
14.87749988
14.70625
14.66375
14.8175
15.0375
15.23375
15.375
15.37625
15.23375
15.0775
14.77125
14.55125
14.285
14.08875
13.795
13.69875
13.7175
13.79875
13.98875
14.34375013
15.19
16.04875
16.88249988
17.5975
18.2675
18.80375013
19.28375013
19.80125
19.33625013
19.99375013
20.45750025
20.38000013
20.03375
19.69124988
19.22749988
18.52874988
18.24249988
16.86749988
15.53624988
14.88499988
14.49875
14.175
13.93125
13.5675
13.2525
12.90375
12.725
12.625
12.43375
12.4125
12.44125
12.46125
12.49625
12.48375
12.5675
12.64625
12.75125
12.695
12.4875
12.32125
12.18875
12.21125
12.11625
11.88875
11.7575
11.785
11.885
11.87625
11.83625
11.86375
11.95125
12.18875
12.41625
12.5425
12.63625
12.8475
13.1075
13.25875
13.20875
13.03
12.81875
12.67625
13.24625
13.50125
14.055
14.63749988
15.17749975
15.59624975
16.04499975
16.47124975
15.94624975
15.55374975
14.85874975
14.40374988
14.00375
13.63125
13.4425
13.11375
13.1475
13.34875
13.43625
13.22875
13.27625
13.4
13.5675
13.895
14.28500013
14.59625025
14.99875013
15.30375013
15.42000013
15.46625013
15.21375013
14.85250013
14.44875
14.21374988
14.1075
14.22125013
14.5525
15.15374988
15.90124988
17.03374988
18.16499988
18.72374975
19.14624975
18.91999963
18.62999975
18.08124988
17.47624988
16.38749988
15.28874988
14.61875
13.8825
13.6375
13.34625
13.12875
12.86125
12.83375
12.73125
12.72875
12.88125
13.09375
13.06
12.98
12.965
12.90125
12.7575
12.67125
12.5025
12.38625
12.4675
12.51875
12.455
12.30625
12.24625
12.095
11.935
11.785
11.805
11.95125
12.2425
12.4175
12.49
12.52
12.505
12.45125
12.26875
12.005
11.6925
11.49
11.4925
11.59375
11.77625
11.77375
11.80875
11.785
11.69375
11.61875
11.4575
11.3825
11.28375
11.3175
11.3375
11.325
11.395
11.4775
11.58625
11.46125
11.31875
11.22625
11.0775
11.2025
11.25125
11.27625
11.29125
11.39875
11.50625
11.55625
11.725
11.84375
11.94125
11.98125
11.905
11.8425
11.81
11.85875
11.885
11.7275
11.57875
11.64
11.72375
11.72
11.69875
11.63375
11.655
11.79875
12.02
12.1025
12.21125
12.25125
12.26875
12.29375
12.28125
12.2275
12.06125
12.0525
12.03875
12.20625
12.535
12.97625
13.40125
13.84875
14.2075
14.39875
14.71625
14.87625
14.94875
14.42
13.79375
13.155
12.6175
12.1675
11.565
11.12
10.62625
10.57875
10.555
10.42
10.37
10.29375
10.355
10.33125
10.29875
10.3225
10.95
11.56125
11.82125
11.91125
11.92625
11.87875
11.825
11.72
11.06875
10.5375
10.26875
10.12125
10.04
10.09375
10.14375
10.1875
10.2275
10.35875
10.425
10.53625
10.64
10.63125
10.62875
10.71625
10.7225
10.6
10.55
10.4575
10.4775
10.43375
10.5675
10.6075
10.66625
10.74
11.055
11.21625
11.2225
11.33
11.1875
11.0275
10.81375
10.6575
10.32625
10.15125
9.96
9.76875
9.66
9.60125
9.6125
9.64875
9.69875
9.7575
9.82125
9.93625
10.0625
10.1375
10.17875
10.285
10.3875
11.11000013
11.78750013
12.04375013
12.24375013
12.45750013
13.16000013
13.57250013
13.83250013
13.24625
12.83875
12.82625
12.73125
12.67875
12.1975
11.8175
11.4925
11.34
11.3375
11.2625
11.29625
11.39625
11.275
11.195
11.18375
11.2225
10.965
10.78
10.60875
10.31625
10.18375
10.06
10.02375
9.99
9.9525
9.8775
9.79375
9.7525
9.7325
9.7375
9.61
9.545
9.6025
9.66875
9.71125
9.76875
9.78125
9.81625
9.95625
10.00875
9.97375
9.96
10.1125
10.26875
10.47125
10.645
10.58125
10.635
10.65125
10.68
10.5375
10.285
10.05625
9.88
9.8775
9.8775
10.01625
10.17875
10.38625
10.885
11.18
11.3725
11.48125
11.385
11.20875
10.98
10.765
10.3775
10.245
10.22625
10.32375
10.5675
10.74875
10.9175
10.95375
10.8975
10.7275
10.5575
10.40125
10.2525
10.01375
9.8275
9.81125
9.82875
9.86375
9.86125
9.87
9.8675
9.9625
10.15125
10.11875
10.0475
9.9975
9.9125
9.82125
9.7725
9.7275
9.5825
9.63125
9.945
10.28125
10.65625
10.875
10.99375
11.15375
11.3525
11.53
11.4575
11.69875
12.02
12.30375
12.60875
13.38499988
16.61624988
18.91624988
20.99749988
23.44999975
25.23374963
26.74249975
28.17999963
28.42374975
26.14999963
24.8349995
23.9437495
22.26374963
20.97124963
19.8312495
18.68499963
18.60124963
18.69124975
19.06749975
18.94124975
18.77999975
18.735
18.89375
18.98625013
18.49250013
17.98375013
17.21875025
16.92375025
16.65625025
16.33625013
16.49375013
16.70125013
17.10375025
18.04875025
19.11375038
19.5887505
20.3275005
21.21125063
21.3300005
22.0075005
22.41250038
22.00250025
21.26125025
21.31875013
21.22750013
20.92749988
20.96125
20.31999988
19.85874988
19.42124988
18.95999975
18.22374975
17.49749975
17.04874975
16.56124975
16.50249975
16.55624975
16.51624988
16.53624988
16.57749988
16.51874988
16.405
16.35
15.94375
15.5575
15.36625
15.1175
14.78
14.425
14.045
13.88625
13.7175
13.5525
13.39125
13.34875
13.3475
13.33875
13.28875
13.1125
13.5625
13.75125
14.0025
14.05
13.99
13.9675
13.85625
13.72
13.115
12.79125
12.405
12.34
12.2625
12.21
12.29375
12.44625
12.5225
12.80875
12.9875
13.53625
14.01125
14.7525
15.32
15.6625
16.01375
16.20124988
16.35124988
15.85624988
15.45249988
14.79374988
14.39124988
13.95249988
13.52499988
13.11125
12.7475
12.58875
12.61125
12.63875
12.5125
12.49125
12.505
12.41875
12.54
12.81
12.805
12.84125
12.7875
12.69125
12.56375
12.4125
12.14
11.76625
11.8075
12.01125
12.15125
12.52625
12.79875
13.0125
13.2175
13.41625
13.3025
13.00625
12.84125
12.53125
12.4125
12.36375
12.49375
12.49375
12.6075
12.795
13.1275
13.4675
13.675
13.79625
13.7475
13.68625
13.55
13.52125
13.28875
12.8975
12.6025
12.41
12.2925
12.29875
12.40125
12.2425
12.15875
12.19
12.22125
12.2125
12.465
12.765
13.115
13.5575
14.91249988
16.53499988
17.69249975
18.90374963
19.32874975
19.65124975
20.19749963
20.6899995
20.2749995
19.74124938
20.2312495
20.5962495
21.41374938
22.3262495
22.73749963
22.90499975
22.86749988
22.7175
22.05874988
21.52
20.54500013
19.54749988
18.79875
18.70125013
18.78625013
19.00375013
19.00625025
18.78500013
19.2525
19.97250013
20.40249988
20.53624975
20.39624975
20.11749975
19.93124975
20.0125
19.75875
19.00375013
18.99625025
18.95500038
19.49625038
19.94875025
20.35750025
20.69125
21.01375
21.66249975
22.13499975
22.68374963
22.97749963
23.69499963
24.73874975
26.56499988
27.78499988
28.82624988
29.30374988
29.28374988
28.98874975
28.6225
27.53124975
25.69749975
24.45499963
23.20749975
22.10249975
21.19874988
20.68
19.82374988
19.53125013
19.11375
18.78
18.88249988
18.88499988
18.97249963
18.76624963
18.79999975
18.8112495
18.76124963
18.60749975
18.02499975
17.55124975
17.13624988
16.88124988
16.56874988
16.1425
15.93125
15.78875
15.72750013
15.78875
15.70625
15.64375
15.34999988
15.19249988
14.88499988
14.81249988
14.75249988
14.5625
14.54625
14.3825
14.45875
14.49375
14.7725
14.99
15.09999988
15.05374988
14.92749988
14.90749988
14.76624988
14.53374988
14.20374988
13.82499988
13.5575
13.47
13.80875
14.17375
14.32125
14.605
14.77125
14.79
14.72625
14.6925
14.35
14.00625
13.77375
13.5275
13.50875
13.4575
13.41
13.24125
13.06375
12.88875
12.86125
12.725
12.4925
12.365
12.38
12.535
12.58625
12.7025
12.7675
13.10625
13.35625
13.43
13.7175
14.47625
15.31
16.05875
16.42375013
17.1425
17.59749988
18.04375
18.025
17.605
17.21874988
16.69999988
16.53874975
16.08499988
15.80875
15.94124988
16.26749988
16.43499975
16.73499975
17.22374988
17.50124975
17.39749975
17.40749975
17.25749963
17.01249963
16.84874975
16.49874988
16.11874975
15.90749988
15.81499988
15.71749988
15.47125
15.3225
15.24875
15.1675
15.22500013
15.34125
15.4
15.39125
15.3575
15.13
14.77625
14.52875
14.23874988
13.97375
13.625
13.35625
13.1475
13.11625
13.1525
13.23875
13.185
13.23
13.2925
13.2525
13.2125
13.22
13.1325
12.99
13.04125
13.25000013
13.79250025
14.41750038
15.98250038
16.91125038
17.82750038
18.33750038
18.84125025
19.46250013
19.41875
19.97999988
19.55374988
19.34124975
19.01499963
19.08874963
18.81749975
18.26624975
18.55999988
18.21249988
18.10374975
18.21374988
18.33874988
18.52374988
19.00624988
19.08749988
18.63749975
18.09749975
17.46749988
16.94874988
16.54
15.945
15.205
14.8725
14.64375
14.5125
14.36
14.375
14.4125
14.76624988
15.04374988
15.21874988
15.56624975
15.85249975
16.41624963
17.0712495
17.59749963
17.59624988
17.83375
18.36000013
18.53750013
18.70375013
18.33125025
17.58250038
16.88500025
16.46500013
15.95625
15.20249988
14.6225
14.23375
14.0375
13.93
13.81875
13.7475
13.67375
13.43375
13.33625
13.06625
12.91875
12.8425
12.83875
12.79125
12.65
12.695
12.6275
12.715
12.7425
12.61125
12.59125
12.6075
12.69625
12.75125
12.70875
12.5675
12.37875
12.34125
12.36125
12.6175
13.015
13.22375
13.49625
13.715
14.255
14.74625
15.0425
14.92125
14.505
14.1725
13.89375
13.76375
13.34375
12.9475
12.65
12.49125
12.49375
12.655
12.97125
13.12125
13.1175
13.30625
13.46125
13.60125
13.70125
13.59
13.3075
13.125
13.115
12.915
12.72375
12.5125
12.4375
12.48375
12.53625
12.81625
13.54625
14.02875013
14.5375
14.96125
15.71
16.34249988
16.72624975
16.79999975
16.39124975
16.28999963
16.12124975
16.08249975
15.44499975
14.96749988
14.67125
14.63125
14.55875
14.57
14.825
16.05625013
17.82000013
19.49625
22.68125
25.84125013
28.22124988
30.87874988
32.74249988
34.56624963
36.3274995
39.6899995
40.70749938
42.4312495
47.68749988
50.31375013
56.65125038
61.187501
65.50125075
67.69375088
70.03625113
70.99750088
69.2725005
70.03750038
67.32625013
66.02999975
63.60875038
61.3012505
60.1787505
58.8437505
56.98500063
54.64625075
52.85875088
50.0850005
48.15875
46.61249963
44.19999925
42.94124925
42.1049995
41.2187495
40.85999963
41.11749988
41.15625013
41.1825005
40.95375075
40.01000088
39.19250075
38.3275005
37.1175005
36.09000038
35.3387505
34.3675005
34.14125038
33.91000038
33.21125038
32.75375038
32.61500025
32.37625025
31.95625025
31.74125
31.13875
31.025
31.02625
31.27125013
30.66125
29.75250013
29.12875013
28.71625025
28.49250038
28.20500025
28.06125025
27.57750013
27.28375
26.8475
26.62124975
26.49374975
26.50124975
28.07124988
29.22749988
30.32000013
31.3025
32.42125013
33.31250013
34.25625
34.78125
33.60375