20.049999
24.639999
26.34
24.18
24.16
24.34
22.5
26.700001
24.719999
25.389999
25.629999
26.280001
26.440001
27.25
25.360001
24.870001
24.32
24.540001
24.690001
24.290001
23.77
23.690001
24.379999
23.76
22.049999
19.709999
20.780001
22.780001
23.889999
22.540001
23.690001
23.559999
22.690001
21.99
21.9
21.34
22.030001
20.549999
19.1
19.74
20.299999
20.07
21.049999
19.65
18.809999
17.620001
18.290001
19.059999
20.1
22.74
20.459999
19.59
21.01
19.77
18.459999
19.73
22.84
20.440001
22.030001
21.209999
21.76
22.299999
21.690001
17.73
19.799999
20.75
20.379999
22.67
22.459999
23.33
24.16
21.700001
20.860001
20.25
22.190001
19.52
18.43
19.32
17.809999
17.280001
17.65
18.49
18.639999
18.59
19.809999
20.139999
19.49
17.709999
17.27
17.200001
16.719999
17.84
17.18
17.700001
17.32
18.75
17.440001
17.370001
17.09
18.389999
18.969999
17.42
16.879999
17.58
16.34
16.6
17.379999
17.4
15.9
17.709999
15.23
15.27
14.72
19.360001
17.059999
16.290001
16
16.18
15.5
16.26
16.110001
17.25
16.41
16.66
16.92
16.68
17.059999
17.09
16.75
16.66
18.9
18.559999
15.63
23.68
21.790001
20.190001
20.26
21.120001
21.16
21.110001
21.639999
20.43
28.74
35.91
32.75
28.27
24.389999
25.75
25.74
24.18
23.309999
27.16
27.530001
26.459999
28.9
30.549999
36.470001
33.93
29.629999
29.120001
27.379999
29.889999
29.9
29.58
28.52
30.190001
28.73
29.34
28.379999
28.120001
29.33
30.559999
29.549999
28.82
27.879999
28.66
30.040001
30.559999
28.809999
28.190001
28.67
29.110001
28.059999
27.280001
27.9
27.51
27.85
28.040001
30.709999
31.190001
33.98
31.940001
31.639999
31.450001
31.370001
29.6
27.860001
27.27
27.57
28.280001
29.040001
30.75
31.540001
30.52
30.040001
30.25
30.030001
29.85
29.110001
30.870001
30.790001
26.959999
25.6
24.58
22.889999
22.57
21.34
20.950001
20.09
21.09
20.98
22.76
22.860001
22.959999
23.91
22.16
22.290001
22.030001
20.940001
22.620001
22.59
23.58
23.75
21.280001
23.049999
23.85
24.85
23.110001
23.08
23.129999
22.66
24.030001
24.18
24.809999
25.049999
26.379999
26.620001
27.93
27.190001
28.950001
30.379999
33.299999
31.33
32.630001
36.200001
36.16
33.200001
27.450001
25.389999
24.33
24.9
23.92
22.860001
22.200001
23.049999
23.17
21.370001
20.91
21.040001
21.860001
21.459999
22.68
23.6
23.379999
22.559999
22.26
20.860001
21.48
19.57
19.84
22.26
20.780001
21.01
22.860001
20.379999
21.26
21.23
21.23
20.860001
20.450001
20.549999
21.049999
20.809999
20.879999
18.82
16.09
14.94
14.9
15.79
16.110001
16.040001
16.860001
16.49
16.76
16.309999
16.549999
16.879999
17.42
17.4
17.610001
18.01
17.629999
17.41
20.120001
19.73
17.24
18.450001
16.5
15.82
15.47
16.26
15.68
16.780001
17.02
16.719999
17.15
17.27
18.27
18.24
17.77
17.52
17.24
17.92
17.459999
17.780001
17.17
17.540001
17.66
18
18.379999
17.24
16.639999
17.1
16.07
16.16
16.110001
15.23
15.67
15.9
16.02
15.93
16.870001
16.17
16.4
16.93
16.98
17.469999
17.32
17.719999
16.99
15.98
15.5
16.139999
17.440001
16.75
16.51
18.280001
17.85
17.98
17.870001
19.549999
18.639999
17.629999
19.469999
18.35
20.290001
19.76
19.190001
17.389999
18.290001
17.780001
17.49
17.52
15.77
15.5
16.9
16.58
16.41
15.74
15.45
15.67
15.47
15.18
15.47
15.26
15.92
15.54
15.56
15.98
15.45
15.26
14.73
15.09
15.19
16.01
21.190001
18.860001
15.62
14.59
14.41
14.81
15.46
15.31
14.82
14.46
16.57
17.18
17.309999
16.76
17.73
18.219999
17.959999
16.209999
17.879999
17.82
17.68
17.559999
17.559999
17.08
16.379999
16.040001
15.68
15.35
16.309999
15.85
14.81
15.81
17.040001
15.63
18.58
17.809999
18.540001
17.799999
17.6
16.709999
16.219999
14.85
16.32
15.87
16.66
16.549999
16.26
15.62
15.75
15.45
15.55
15.46
15.48
15.6
16.35
16.48
16.469999
15.97
15.43
14.89
14.04
13.95
13.96
21.18
18.280001
20.34
20.4
19.110001
21.200001
21.92
19.799999
19.84
20.26
20.18
19.700001
19.540001
20.190001
19.040001
19.74
19.889999
20.57
19.08
17.879999
17.620001
18.120001
17.780001
17.959999
17.65
16.610001
15.67
15.44
15.7
17.629999
19.309999
18.950001
18.75
18.959999
19.23
18.719999
18.959999
18.450001
18.01
17.01
17.389999
17.639999
16.32
16.42
17.92
16.75
16.459999
16.24
16.67
17.67
17.620001
17.49
17.4
18.200001
17.959999
18.219999
18.790001
18.51
18.559999
17.700001
17.370001
17.450001
17.030001
18.219999
17.16
16.719999
16.870001
17.129999
16.35
16.639999
16.51
16.68
16.879999
17.26
17.889999
18.469999
19.75
19.68
18.68
19.790001
19.719999
18.35
18.459999
16.790001
16.690001
16.52
16.82
16.73
16.32
16.190001
16.290001
16.02
15.97
16.18
16.48
17.059999
16.719999
16.719999
18.809999
20.15
17.889999
16.85
16.99
15.98
15.15
14.85
15.93
16.530001
15.96
15.83
15.71
16.49
16.24
15.95
15.53
16.610001
16.92
16.66
16.809999
16.540001
15.65
15.17
15.68
15.19
15.49
14.82
14.62
13.57
13.62
13.92
13.73
14.92
13.99
13.77
13.86
14.43
14.57
14.35
13.66
14.65
15.19
15.97
16.620001
16.290001
14.95
14.76
15.22
18.08
18.200001
16.309999
16.66
14.53
14.4
14.4
14.67
13.21
13.35
13.34
13.88
14.87
15.83
15.53
14.6
13.7
14.01
13.5
12.52
12.27
12.6
12.66
12.6
13.57
13.33
13.37
13.9
13.05
13.44
13.5
13.17
13.83
13.58
13.82
14.23
13.94
14.51
15.09
14.88
15.34
14.66
14.61
13.84
14.35
14.48
15.01
16.190001
15.62
14.5
13.66
13.14
13.58
13.4
12.73
12.88
12.98
13.65
13.36
12.92
12.47
13
13.63
14.72
14.31
13.74
13.45
13.88
13.83
13.44
14.8
15.19
14.97
14.28
16.309999
17.790001
20.01
19.950001
21.02
19.26
20.51
19.49
17.9
18.42
17.110001
17.01
17.309999
16.870001
16.620001
15.84
16.459999
16.32
16.24
15.95
15.47
16.15
16.67
17.33
16.280001
15.38
14.69
14.23
14.37
13.99
14.37
14.61
14.86
15.01
14.55
14.33
13.67
13.4
12.66
12.5
12.58
13.01
12.8
12.56
12.03
11.81
12
11.73
12.58
12.75
12.34
12.66
12.41
12.58
12.14
11.66
11.65
11.75
11.51
11.57
12.22
12.29
12.6
12.57
13.36
13.35
13.37
14.72
13.77
12.86
12.78
12.42
11.99
11.57
11.49
12.06
12.15
11.69
11.3
11.38
11.45
12.01
12.04
12.42
12.33
12.25
12.12
12.29
12.9
13.22
13.48
13.43
12.69
12.38
15.76
15.9
15.56
15.02
14.7
15.04
14.72
13.76
13.16
13.6
12.49
13.13
13.44
14.08
16.219999
14.17
13.91
14.26
15.66
14.74
14.51
14.53
14.17
13.23
13.66
13.02
12.44
12.08
12.21
12.63
12.23
12.53
13.02
14.5
14.12
14.24
13.64
12.83
11.93
11.7
11.76
10.96
11.29
12.06
11.94
12.11
12.68
13.36
15.25
13.93
13.12
12.8
12.42
12.9
12.14
12.38
13.22
13.01
13.72
13.35
13.56
14.76
14.39
14.13
14.19
14.29
13.98
14.51
14.1
14.04
12.88
13.1
13.47
13.67
13.48
13.54
12.86
14.07
14.74
13.96
13.31
12.71
12.33
11.99
11.87
11.66
12.24
12.25
11.65
12.04
12.25
11.25
11.11
11.29
11.26
11.51
11.33
13.87
13.05
12.24
10.8
10.85
11.02
10.78
10.6
10.96
11.46
11.05
11.97
11.69
11.32
11.32
11.34
11.37
11.25
11.73
11.47
11.49
11.71
12.03
12.33
12.39
12.31
12.07
12.38
12.19
12.01
11.59
11.52
11.63
11.62
12.15
11.8
12.1
12.14
11.91
11.74
11.85
11.48
11.87
11.16
12.9
13.24
12.67
11.7
12.16
13.15
12.7
13.36
13.39
14.6
17.299999
13.75
13.36
12.47
12.49
12.19
12.63
12.99
11.83
12.85
12.97
12.68
13.14
12.04
12.26
12.41
11.38
11
10.87
11.33
11.61
11.32
11.2
11.48
11.83
11.83
12.01
11.88
11.46
11.78
11.74
13.26
14.68
14.97
14.31
13.94
13.72
13.88
13.33
14.46
15.11
15.57
14.65
15.03
15.9
14.27
13.51
13.77
14.12
13.76
13.83
13.51
12.69
12.84
12.41
12.46
12.43
12.6
10.98
11.13
11.03
10.9
11.08
10.75
10.08
9.31
9.48
9.7
9.82
10.46
10.69
11.66
12.57
11.91
10.94
11.27
10.96
10.74
11.29
11.65
12.08
11.15
11.88
11.63
11.76
11.16
11.09
11.6
11.38
11.17
10.3
9.94
10.63
10.65
10.61
10.75
15.25
13.96
13.66
13.3
14.24
14.46
14.28
13.4
13.13
13.79
14.7
13.52
13.91
15.96
14.8
14.87
15.83
16.08
16.360001
16
14.26
16.23
14.41
16.549999
14.87
16.610001
14.78
14.51
12.76
13.32
14.34
13.39
12.31
13.43
13.67
14.9
16.49
18.59
20.450001
23.870001
18.129999
17.379999
16.98
16.92
16.610001
16.42
17.02
16.27
15.98
17.219999
16.93
17.01
14.93
14.94
14.26
13.8
14.51
13.77
14.11
13.81
14.29
14.56
15.08
16.16
15.19
15.55
15.46
14.54
14.67
14.08
12.55
12.33
12.79
13.49
12.73
12.43
12.5
12.49
13.03
12.72
12.73
12.19
13.03
13.05
13.32
13.21
12.69
11.92
11.6
11.52
11.22
12.31
13.96
14.7
14.02
14.12
16.719999
15.53
15.04
14.42
14.97
14.36
14.92
14.7
14.01
13.26
13.83
13.4
12.42
11.64
11.28
11.44
11.65
11.7
11.65
11.22
11.46
11.66
11.93
12.03
11.13
11.17
11.27
11.35
12.18
12.34
12.41
12.54
11.91
12.13
11.09
12.06
11.39
11.54
12.07
12.83
12.62
11.75
11.57
12.02
12.19
11.82
11.23
11.97
11.86
11.4
11.69
11.81
11.86
13.12
14.01
13.77
13.09
11.88
12.8
13.06
14.45
14.49
13.89
14.53
14.56
14.13
13.25
13.97
14.28
15.44
16.66
15.92
16.24
14.92
14.72
13.55
14.51
14.9
13.32
14.76
14.59
15.13
15.99
15.91
16.969999
16.129999
15.7
15.67
14.56
14.56
14.84
15.34
15.58
16.75
17.370001
16.299999
16.42
16
16.5
16.68
16.66
15.56
15.91
16
16.129999
17.24
18.41
17.440001
16.83
16.15
15.95
16.690001
16.549999
16.1
16.049999
16.280001
18.15
16.040001
15.46
14.48
13.03
12.87
12.79
13.02
12.98
12.05
12.42
11.82
12.07
12.81
12.86
13.2
14.25
13.53
13.5
13.13
13.33
12.52
12.15
12.83
11.1
11.14
11.79
11.57
11.86
12.15
12.79
11.94
11.46
11.25
11.25
12.26
11.96
11.73
11.13
10.98
11.22
11.17
11.42
11.63
11.28
11.41
11.43
11.52
11.61
11.71
12.05
11.39
11.15
10.84
12.51
11.75
11.65
12.02
11.45
12.17
14.22
13.72
13.36
12.38
12.15
12.1
12.42
11.95
11.8
11.34
11.53
11.29
11.43
11.19
11.83
11.33
12.51
12.62
13.37
13.5
12.62
12.96
12.81
12.85
12.79
12.73
12.04
11.48
12.33
12.96
13.09
12.1
11.86
11.92
12.41
12.28
11.93
11.75
12.14
11.88
11.69
12.64
12.06
12.22
12.75
13.08
12.98
11.84
12.38
12.2
12.36
13.13
12.81
11.68
11.55
11.26
11.63
12.2
12.52
12.85
12.21
12.98
13.45
13
12.84
12.89
12.76
11.91
11.29
11.29
11.23
10.75
11.21
11.16
11.32
11.44
11.12
11.8
12.37
11.74
11.59
11.38
11.57
12.1
11.52
11.77
12.19
12.25
12.31
12.56
12.08
12.26
12.68
13.49
12.78
12.37
12.55
12.77
13.18
13.18
13.18
13.49
13.56
13.66
13.78
13.21
13.1
13.06
12.75
13
12.9
13.24
12.35
12.45
12.13
12.03
13.42
12.6
13.17
12.94
12.33
12.48
12.65
12.03
11.52
11.29
11.65
11.65
11.85
11.16
11.51
11.46
11.35
11.1
11.58
12.34
12.67
12.35
12.5
12.46
13.22
12.9
12.9
12.46
12.74
13.95
14.5
14.86
15.74
13.98
14.85
14.97
14.57
14.24
13.67
14.62
14.03
14.05
13.55
13.46
14.17
13.85
14.49
15.59
14.63
14.26
13.83
13.41
13.19
12.26
12.74
13.05
12.16
12.46
12.97
13.2
13.38
12.95
12.57
12.49
12.37
11.74
11.81
11.87
12.43
11.57
11.65
11.58
11.11
10.66
11.65
12.7
12.74
11.12
11.06
10.63
10.36
11.07
11.44
14.55
13.16
12.2
10.77
11.51
11.49
11.98
12.25
12.52
12.19
12.1
13.78
13.58
13.11
15.21
16.4
14.69
14.23
14.99
14.09
14.25
13.58
12.7
13.34
13.56
12.54
12.94
12
12.19
12.42
12.53
12.65
13.23
13.46
14.59
14.11
13.89
14.63
14.69
14.94
15.59
16.129999
15.37
16.799999
14.47
14.56
14.78
16.379999
16.629999
16.719999
17.040001
16.719999
16.67
16.1
16.559999
16.49
20.700001
19.4
19.09
18.129999
16.93
16.540001
17.309999
18.35
18.66
17.74
17.049999
17.84
17.799999
17.889999
18.16
18.879999
17.9
16.450001
16.33
16.18
18.719999
17.32
20.219999
19.65
17.379999
16.83
16.450001
17.07
16.41
15.12
15.38
15.01
14.91
14.72
14.75
15.45
15.83
16.07
18.620001
16.700001
16.92
16.870001
15.78
16.99
15.61
15.16
14.9
15.59
15.71
15.13
15.8
16
15.5
16.17
15.54
16.92
17.15
16.02
16.07
16.860001
16.18
16.040001
16.84
16.1
16.780001
16.68
17
17.120001
18.639999
17.459999
17.450001
17.540001
16.969999
15.8
15.91
15.43
15.23
14.19
13.68
13.78
14.19
14.21
16.09
16.42
15.49
15.51
17.809999
17.09
20.110001
20.1
19.219999
17.93
17.26
20.41
21.549999
21.440001
19.389999
17.450001
20.09
20.530001
19.459999
18.76
16.190001
17.360001
16.93
16.24
16.040001
15.77
15.57
16.41
15.96
15.46
14.81
15.27
14.73
14.52
13.71
14.18
15.38
15.11
15.1
16.219999
17.01
18.469999
18.639999
20.51
17.1
16.360001
16.25
16.059999
15.97
15.2
15.43
15.74
15.86
16.030001
15.65
16.459999
16.450001
16.219999
16.110001
16.1
16.950001
17.049999
16.780001
16.77
14.8
15.11
15.58
16.09
16.26
15.07
15.13
15.83
15.6
15.41
15.08
15.98
16.4
16.450001
16.889999
17.290001
18.34
18.280001
18.48
18.110001
17.889999
18.040001
17.65
16.969999
17.209999
15.78
14.04
15.36
14.89
13.79
14.36
15.12
15.23
15.94
15.77
14.92
15.91
16.969999
16.959999
17.139999
17.93
18.68
17.93
18.139999
18.82
17.75
17.879999
19.68
20.450001
21.09
21.99
20.77
19.42
18.77
18.85
19.5
18.68
18.59
19.129999
19.51
20.92
21.139999
19.129999
19.889999
19.35
20.24
20.91
19.629999
19.84
19.27
19.4
19.610001
18.629999
18.6
17.809999
17.09
18.469999
19.33
20.16
20.74
20.23
19.469999
19.469999
19.58
19.43
21.059999
20.16
18.9
20.65
19.969999
19.48
19.23
19.18
19.700001
20.610001
21.41
20.549999
19.84
19.98
20.74
21.08
21.1
20.889999
20.620001
19.49
20.48
19.32
19
19.25
19.610001
19.790001
19.809999
20.950001
21.26
21.74
21.219999
19.690001
20.059999
19.26
18.32
20.5
22.139999
20.84
21.299999
21.190001
19.23
18.51
18.440001
18.559999
19.01
19.76
19.09
18.25
17.639999
18.709999
18.75
20.1
19.52
20.48
20.83
21.15
21.34
19.809999
20.059999
19.870001
17.51
20.129999
20.85
21.34
21.26
20.110001
20.25
20.809999
21.09
19.91
21.57
21.48
19.26
19.280001
18.77
18.08
19.360001
19.280001
19.02
19.190001
20.85
20.01
20.1
20.360001
18.940001
19.459999
19.040001
18.85
18.51
19.27
19.77
20.17
20.450001
20.1
20.200001
21.190001
20.74
21.5
21.82
21.219999
21.530001
21
19.700001
17.82
19.129999
18.76
20.4
19.92
19.059999
19.58
19
19.360001
20.540001
22.280001
23.51
21.77
21.299999
20.959999
20.82
21.84
22.02
21.389999
21.48
22.290001
21.940001
20.639999
20.049999
19.77
22.459999
22.77
23.75
24.52
23.110001
24.450001
24.370001
22.639999
21.09
23.83
24.74
24.1
24.73
24.26
24.51
24.76
24.530001
24.950001
25.27
24.309999
24.4
23.889999
24.639999
25.99
25.17
25.74
23.77
24.1
23.48
22.74
22.08
22
22.639999
22.959999
22.26
22.23
22.91
22.32
22.27
21.540001
21.610001
20.290001
20.77
22.309999
19.75
20.26
19.99
20.049999
20.530001
21.690001
20.719999
19.530001
19.860001
22.99
23.17
31.120001
31.219999
33.75
38.200001
35.09
32.09
32.240002
32.18
32.57
36.27
36.630001
36.380001
37.84
36.639999
33.66
31.58
31.549999
29.93
27.32
26.65
29.799999
28.950001
28.950001
27.43
26.01
25.66
23.92
23.84
22.65
23.219999
23.360001
24.549999
27.629999
27.92
27.370001
26.110001
26.33
27.190001
29.18
28.559999
29.860001
30.27
29.27
26.790001
24.379999
24.01
23.42
24.360001
25.66
25.07
26.01
28.690001
28.02
25.17
23.75
23.450001
21.65
21.65
22.530001
23.16
23.32
23.969999
22.27
22.059999
21.65
21.469999
21.360001
20.67
20.549999
21.290001
20.51
21.549999
20.66
20.379999
19.73
19.84
20.76
19.66
19.879999
19
18.99
19.35
18.620001
18.629999
18.549999
19.190001
19.040001
19.58
20.93
19.139999
20.23
19.43
18.889999
18.25
18.709999
18.51
18.66
18.290001
17.76
18.690001
19.98
20.51
22.540001
22.809999
23.469999
24.66
24.219999
23.370001
21.98
21.82
22.469999
23.66
23.17
21.51
22.77
21.610001
20.889999
22.059999
20.76
20.389999
19.91
19.440001
20.6
21.969999
26.09
24.17
22.780001
21.18
19.34
20.32
21.459999
22.790001
23.389999
20.57
21.049999
20.98
20.440001
19.639999
20.440001
21.690001
20.389999
19.889999
19.379999
18.99
22.07
22.59
20.74
21.32
22.83
22
22.85
21.219999
19.780001
20.58
20.52
21.48
23.57
22.780001
25.940001
24.799999
22.889999
22.4
21.92
21.940001
20.17
20.02
20.25
19.360001
19.57
19.709999
18
17.67
18.629999
18.620001
17.82
18.16
17.92
18.26
17.879999
17.889999
16.969999
16.23
17.34
20.1
20.32
23.01
23.01
23.129999
25.25
24.790001
22.66
24.799999
25.98
31.059999
29.83
28.200001
27.02
28.75
31.91
28.549999
29.92
34.34
31.860001
28.4
28.690001
30
33.139999
31.799999
30.33
31.139999
38.549999
39.599998
44.279999
36.48
36.759998
41.43
43.310001
37.900002
39.66
45.290001
43.740002
38.57
36.580002
35.939999
39.23
38.630001
38.580002
36.619999
32.470001
34.66
34.549999
34.869999
36.080002
40.950001
43.48
40.470001
42.810001
41.200001
43.509998
45.740002
42.200001
40.07
40.23
38.959999
33.34
34.82
33.130001
33.110001
33.209999
31.530001
32.27
32.380001
32.950001
32.419998
29.5
28.049999
27.26
27.76
27.370001
26.01
25.700001
28.09
28.17
28.469999
29.280001
29.030001
28.9
27.950001
27.129999
25.5
22.469999
21.84
23.280001
22.15
22.09
26.01
24.969999
25.43
28.700001
25.309999
24.9
25.58
25.66
26.809999
27.719999
31.309999
29.42
29.959999
27.959999
25.040001
23.860001
22.780001
20.209999
21.48
23.5
22.18
23.34
24.42
26.17
24.459999
23.34
24.370001
23.280001
25.459999
28.1
30.110001
32.98
29.24
29.24
28.6
30.92
31.950001
31.129999
29.23
29.73
28.110001
26.25
27.67
28.16
27.879999
29.48
29.67
30.27
31.360001
30.450001
27.42
29.76
29.65
30.65
30.450001
29.299999
25.870001
26.49
27.209999
28.01
27.879999
28.370001
29.219999
29.040001
26.67
24.08
24.540001
25.02
24.790001
24.370001
24.84
25.24
25.15
25.57
24.129999
24.32
25
27.27
26.6
24.33
24.040001
23.540001
22.73
23.26
22.059999
22.190001
22.65
22.809999
22.59
21.77
21.93
22.73
24.940001
23.93
23.9
26.42
25.02
23.309999
22.620001
22.76
23.530001
23.360001
24.4
25.059999
25.07
24.15
25.620001
25.190001
27.440001
25.360001
26.620001
25.620001
26.129999
25.02
26.860001
27.280001
27.26
25.08
24.459999
24.4
27.620001
28.9
27.57
28.120001
25.389999
26.620001
26.209999
26.200001
23.43
23.780001
24.02
23.9
25.32
25.9
26.51
25.91
22.4
21.950001
21.75
21.809999
21.700001
21.32
23.059999
21.76
22.629999
22.51
21.09
19.690001
18.66
20.73
20.35
20.24
17.959999
19.73
19.950001
19.709999
18.68
17.42
19.07
21.790001
21.459999
23.049999
23.32
24.98
23.23
22.85
24.52
24.639999
25.59
26.27
27.4
27.01
26.6
27.66
28.450001
25.389999
25.030001
22.309999
23.07
21.67
23.299999
24.389999
22.950001
22.549999
22.4
20.959999
21.209999
21.83
24.629999
24.450001
22.93
24.530001
20.98
23.440001
23.82
23.01
22.030001
22.889999
23.77
24.559999
25.25
23.299999
24.030001
25.65
25.190001
27.84
27.790001
26.4
26.059999
26.49
25.41
24.93
24.459999
24.790001
22.059999
23.58
20.49
20.629999
22.84
25.959999
26.049999
28.75
28.190001
26.559999
23.9
24.02
21.639999
23.6
24.26
24.200001
21.34
22.200001
22.09
23.1
23.16
23
21.66
21.870001
22.700001
22.26
22.07
21.65
22.74
20.73
20.959999
19.76
19.110001
19.98
21
20.26
22.33
23.57
24.18
22.23
21.77
19.32
20.58
21.09
21.25
21.190001
21.48
21.719999
23.059999
22.030001
21.91
21.35
23.780001
22.66
22.43
21.120001
23.07
22.969999
23.09
24.76
24.639999
24.209999
27.01
26.41
25.73
21.719999
21.709999
22.5
22.84
21.709999
19.66
21.5
21.719999
21.75
20.82
24.07
23.02
23.030001
23.540001
26.139999
24.950001
23.450001
23.120001
22.01
21.540001
22.790001
21.25
22.9
23.07
24.42
24.379999
22.92
23.51
23.17
26
25.860001
23.889999
24.379999
25.200001
24.68
23.370001
21.639999
21.059999
19.209999
21.5
24.309999
23.82
22.209999
21.24
22.85
24.41
22.34
20.77
22.370001
22.959999
21.700001
21.49
22.26
23.309999
24.530001
24.860001
24.1
25.469999
24.110001
24.030001
27.120001
28.41
27.15
24.389999
25.99
27.25
28.98
29.4
33.490002
28.950001
26.120001
27.02
25.85
27.370001
25.24
26.969999
26.190001
26.200001
25.879999
28.5
31.629999
30.77
27.530001
28.200001
28.93
29.870001
27.76
26.049999
24.860001
24.34
23.98
23.959999
25.440001
26
25.870001
24.32
24.58
24.469999
23.620001
23.65
22.360001
21.48
22.709999
23.049999
22.48
22.77
22.139999
22.32
21.67
21.48
20.68
20.5
20.629999
20.879999
20.610001
22
22.34
22.450001
21.799999
20.290001
19.700001
19.540001
19.83
21.16
20.940001
19.219999
20.33
20.110001
20.030001
20.030001
19.32
19.450001
19.75
19.65
18.940001
18.940001
19.92
19.389999
19.67
19.6
20.84
20.74
20.549999
20
19.99
18.620001
19.030001
18.790001
19.18
19.190001
18.549999
17.879999
17.98
18.02
17.48
17.049999
17.35
17.469999
17.379999
17.040001
16.530001
16.540001
16.889999
17.690001
16.84
17.530001
19.82
20.790001
19.42
18.459999
18.4
18.59
18.32
18.26
18.52
20.25
19.540001
19.93
20.18
20.74
21.41
21.879999
21.67
19.469999
20.57
21.23
21.85
21.540001
21.030001
22.709999
24.02
24.860001
26.57
30.51
27.6
26.790001
27.84
28.719999
25.09
24.24
24.690001
24.280001
26.65
28.620001
26.469999
25.459999
23.629999
24.280001
23.92
23.67
24.52
24.91
25.66
27.200001
28.530001
29.059999
26.809999
26.15
25.049999
24.809999
27.43
26.620001
27.709999
26
26.93
27.639999
27.49
29.65
27.48
27.780001
24.99
25.07
25.34
22.41
23.51
24.879999
23.629999
24.860001
26.549999
27.700001
27.17
31.74
29.66
27.549999
28.73
28.139999
26.57
26.85
29.99
26.6
26.969999
28.67
29.84
27.99
26.799999
25.790001
24.559999
25.280001
24.93
23.370001
23.24
23.25
21.57
22.030001
22.639999
22.57
22.610001
22.57
22.02
21.66
21.950001
22.190001
21.98
21.67
21.459999
22.030001
21.92
21.370001
21.52
20.27
22.120001
24.690001
25.75
26.76
27.209999
25.43
26.49
28.35
28.08
27.43
27.120001
25.889999
24.120001
24.290001
25.620001
30.32
27.549999
29.610001
28.559999
29.91
29.780001
30.959999
31.93
32.84
30.450001
29.040001
27.040001
28.58
29.17
28.639999
31.209999
34.720001
34.07
29.940001
31.690001
31.91
29.440001
28.459999
26.120001
26.33
25.610001
24.129999
24.16
25.379999
28.16
28.49
27.4
25.959999
24.02
25.48
24.200001
24.23
25.780001
23.91
24.860001
24.440001
24.35
24
23.540001
24.26
23.709999
21.889999
21.469999
21.23
20.76
21.35
22.08
20.57
20.6
22.139999
22.76
22.639999
21.59
21.379999
19.58
20.389999
19.67
19.92
20.700001
20.700001
21.450001
23.120001
22.809999
23.17
22.34
21.709999
19.379999
20.02
20.67
21.200001
20.879999
20.01
19.059999
18.76
18.92
20.09
21.629999
22.48
23.25
24.01
22.09
21.139999
22.91
22.610001
23.6
22.51
22.34
23.74
25.24
24
23.01
22
22.690001
21.620001
20.559999
20.09
19.889999
21.889999
21.01
22.32
21.75
20.549999
20.42
20.48
20.91
21.540001
23.84
22.870001
24.4
22.440001
22.23
19.709999
20.559999
22
23.030001
25.41
24.92
25.85
26.35
28.610001
30.99
31.84
41.759998
38.869999
40.560001
43.740002
42.66
37.75
35.810001
35.259998
34
31.93
32.32
31.18
31.34
31.969999
33.389999
35.119999
34.830002
31.6
31.5
35.27
35.310001
32.880001
35.080002
34.950001
34.110001
32.25
32
30.950001
29.459999
28.42
31.639999
33.459999
33.560001
32.310001
30.709999
30.5
28.799999
29.129999
28.620001
27.440001
29.35
26.469999
26.559999
25.559999
25.07
24.459999
24.120001
24.190001
23.25
23.790001
24
25.9
25.18
23.84
25.77
24.08
23.02
23.709999
23.49
25.620001
25.299999
24.870001
25.91
24.629999
24.26
23.290001
22.58
23.67
22.5
22.620001
22.290001
21.59
21.4
23.799999
22.709999
21.34
20.450001
21.940001
21.83
22.129999
22.360001
22.6
23.58
22.700001
23.450001
22.25
22.52
23.610001
21.879999
21.15
21.01
21.139999
24.35
23.219999
21.09
21.120001
24.870001
25.450001
26.09
25.110001
23.26
21.780001
21.620001
20.85
21.77
22.370001
24.43
22.66
23.799999
22.860001
21.84
21.68
21.49
21.59
19.959999
20.5
20.299999
19.940001
20.040001
19.27
19.84
19.59
19.459999
19.200001
18.42
18.93
18.16
18.459999
18.15
17.77
18.48
18.129999
17.700001
17.4
18.73
19.16
20.200001
19.780001
19.129999
19.610001
19.469999
18.190001
20.299999
19.42
19.82
18.110001
18.43
19.290001
18.299999
19.77
20.280001
20.77
20.950001
22.139999
24.049999
21.91
20.059999
20.07
20.190001
22.559999
21.940001
20.389999
21.559999
22.41
20.719999
19.35
19.190001
18.5
17.700001
19.24
20.049999
19.58
18.23
18.9
20.309999
20.389999
20.610001
19.98
23.370001
23.889999
22.610001
24.16
23.51
23.719999
24.450001
24.15
25.02
25.959999
24.639999
24.24
26.059999
27.48
27.23
26.98
27.84
28.42
26.290001
25.4
27.110001
28.959999
29.42
27.110001
28.25
30.219999
34.099998
33.849998
32.939999
35.029999
36.650002
35.450001
35.119999
38.169998
41.869999
44.919998
39.860001
39.27
35.509998
31.33
31.92
32.029999
36.950001
41.290001
45.080002
42.029999
38.73
36.330002
35.330002
37.049999
35.82
32.360001
29.43
28.809999
28.610001
29.59
28.23
27.75
29.32
29.889999
30.110001
33.32
33.669998
32.639999
39.970001
37.439999
38.860001
36.330002
36.450001
35.080002
34.810001
37.5
35.82
36.740002
38.009998
37.52
40.650002
38.98
39.68
40.52
37.330002
34.599998
36.970001
39.689999
34.119999
36.830002
37.310001
39.459999
42.639999
41.02
42.130001
37.549999
35.700001
36.040001
34.02
36
34.099998
33.529999
33.110001
34.09
33.200001
34.029999
30
31.07
32.27
31.23
31.139999
29.299999
30.82
31.23
30.73
31.42
29.41
31.299999
30.58
31.24
28.67
26.65
27.66
27.41
25.32
23.809999
23.16
24.07
25.969999
27.25
27.5
27.459999
28.33
28.92
30.1
28.879999
30.780001
28.76
27.76
27.290001
28.18
26.24
26.66
28.290001
30.209999
26.709999
26.200001
26.49
27.370001
29.549999
29.620001
28.620001
25.389999
24.68
24.91
25.129999
25.530001
24.25
24.32
24.9
24.57
25.51
25.01
25.700001
27.59
29.01
27.530001
31.51
34.689999
31.93
31.26
31.32
31.17
31.02
32.759998
33.040001
33.349998
34.009998
33.990002
33.68
34.330002
33.700001
32.619999
31.110001
31.309999
31.16
30.25
31.98
31.74
31.940001
30.530001
29.629999
30.43
31.83
30.379999
31.370001
31.08
33.310001
33.610001
33.509998
31.76
30.98
31.75
30.43
31.540001
30.440001
28.67
30.389999
28.75
28.23
27.959999
27.75
29.15
28.360001
28.02
28.209999
29.129999
28.450001
27.129999
27.110001
25.6
24.440001
23.41
22.559999
22.52
21.5
21.950001
20.700001
20.799999
20.33
20.799999
20.84
20.76
21.209999
21.59
20.629999
21.129999
20.799999
21
21.24
19.690001
19.52
19.91
20
19.24
18.4
20.51
21.290001
21.209999
19.780001
19.17
19.99
20.030001
20.43
19.469999
20.85
20.84
20.620001
20.83
21.25
22.15
20.639999
20.209999
20.41
20.66
20.219999
20.01
19.76
19.799999
19.139999
20.58
20.75
20.809999
19.4
19.16
19.52
19.459999
19.030001
19.389999
20.059999
19.48
18.93
19.190001
18.469999
19.59
19.549999
19.76
20.219999
19.110001
19.780001
19.17
18.639999
18.6
17.75
18.360001
18.67
18.85
19.49
20.75
21.27
22.68
21.5
20.26
19.59
19.75
17.940001
18.77
18.469999
18.27
18.18
17.860001
17.82
17.84
18.549999
19.530001
19.49
19.129999
18.48
18.629999
19.02
19.440001
18.709999
18.17
18.26
18.85
20.01
19.25
18.68
19.280001
18.030001
18.15
17.57
17.540001
19.65
19.469999
21.219999
22.26
22.23
21.67
22.719999
21.07
20.799999
19.5
19.51
19.41
19.18
18.82
18.450001
17.549999
17.370001
17.690001
17.190001
17.620001
17.040001
16.549999
17.67
17.68
17.709999
18.049999
16.82
16.43
16.33
16.1
16.549999
16.549999
16.860001
16.74
16.93
17.620001
17.540001
16.75
16.469999
16.940001
18.6
19.110001
18.799999
19.48
18.98
17.440001
16.709999
16.23
16.32
16.77
16.27
16.629999
16.299999
17.09
16.540001
17.629999
17.870001
16.73
16.41
17.23
15.93
15.58
16.16
16.42
16.940001
16.49
16.66
17.450001
17.09
17.68
18.309999
18.219999
17.49
16.73
15.5
15.61
16.75
16.82
18.040001
16.75
15.56
15
15.21
14.34
14.71
14.84
14.55
15.35
16.780001
17.139999
16.629999
17.110001
17.34
17.870001
17.709999
16
16.389999
15.94
15.39
15.31
15.58
15.4
15.59
15.8
16.040001
16.290001
15.9
14.93
14.83
14.55
14.44
14.86
14.55
14.4
14.48
15.79
16.6
18.67
20.67
18.299999
21.129999
20.34
18.110001
18.530001
19.15
21.58
20.67
19.809999
17.879999
17.33
16.5
16.280001
16.74
16.65
15.64
14.97
15.32
15.76
16.26
15.28
17.26
15.62
15.74
14.94
15.42
16.67
15.6
14.61
14.01
14.77
15.07
16.290001
16.6
17.190001
16.620001
16.549999
15.77
17.049999
18.129999
19.77
18.57
18.139999
18.860001
18.469999
19.959999
19.33
18.93
18.67
18.49
18.08
15.96
15.97
15.28
15.5
16.299999
16.08
17.030001
16.780001
15.39
15.01
15.39
15.04
16.07
15.05
14.79
15.15
14.99
15.26
14.31
13.98
14.81
15.19
16.07
15.47
14.34
15.2
15.08
16.25
15.81
16.200001
15.78
14.96
14.46
13.76
14.71
14.34
15.17
14.17
16.41
15.75
16.5
17.299999
16.549999
16.15
15.68
15.32
15.37
16.030001
16.209999
18.32
19.34
18.889999
17.469999
18.040001
19.08
17.98
17.57
17.02
16.23
16.959999
16
15.88
15.33
14.98
14.91
14.71
15.44
15.29
14.91
14.28
13.91
14.07
14.06
14.01
13.76
13.17
13.56
14.64
14.39
14.03
14.43
13.66
14.74
14.8
14.28
14.62
13.83
13.21
13.34
12.75
13.41
13.95
13.28
14.5
15.05
14.71
15.05
15.42
16.43
15.04
14.71
15.13
14.85
14.54
15.28
16.58
16.389999
15.72
15.39
16.27
16.27
16.18
14.04
13.97
13.84
13.8
13.61
13.08
13.04
13.33
13.38
13.21
13.21
12.98
13.5
12.97
12.67
12.72
12.78
13.3
13.24
12.97
12.98
12.96
13.19
13.67
13.19
12.88
12.76
12.54
12.73
12.35
12.27
11.95
11.83
11.55
11.45
11.23
12.14
12
11.62
12.56
13.29
14.08
13.98
14.09
13.58
13.49
13.23
13.19
12.56
12.84
12.43
12.47
13.18
13.83
14.36
14.65
14.06
13.44
13.24
13.24
12.82
12.03
11.66
11.79
11.21
11.73
11.6
12
11.51
11.43
11.52
11.27
11.1
11.77
11.18
13.14
12.39
11.57
11.49
12.08
12.04
12.5
12.93
11.94
12.26
12.4
12.7
12.49
12.8
12.39
13.15
13.49
13.29
13.14
13.61
14.27
14.06
13.42
13.75
14.49
13.64
14.02
14.09
14.11
13.68
13.15
12.33
12.62
11.98
11.3
13.31
14.53
17.74
16.559999
14.96
16.92
14.41
15.38
14.62
14.91
14.87
16.860001
15.31
15.12
14.53
13.85
13.98
14.05
13.75
14.91
14.45
16.120001
16.32
15.68
14.57
13.63
13.32
13.14
12.95
12.69
12.58
12.24
12.15
13.29
12.36
11.84
12.15
12.28
12.39
12.7
12.08
11.96
11.65
11.79
11.46
11.15
11.48
11.47
11.08
11.05
12.13
12.18
12.52
11.58
11.77
12.04
11.4
11.68
12.27
12.49
11.45
11.28
10.95
10.84
10.81
10.33
10.77
10.45
10.23
10.97
10.52
11.1
10.99
10.36
10.52
11.57
12.08
11.75
11.83
12.52
12.48
13.21
12.4
12.38
12.42
12.74
12.26
13.52
13.3
13.42
13.42
13.42
13.34
14.17
13.73
13.72
13.52
13.65
12.6
13.15
13.57
12.93
12.52
12.93
11.98
11.65
12.39
12.91
12.49
11.22
12.14
12.64
13.79
13.33
12.96
13.04
12.76
12.63
12.24
11.92
12.46
13.2
14.55
14.96
14.59
15.55
15.63
16.219999
16.469999
14.87
14.67
15.33
13.5
16.110001
16.129999
14.74
14.53
14.59
16.02
14.25
15.32
14.85
13.48
13
13.17
13.1
13.08
12.8
11.9
11.63
12.18
12.23
12.26
11.25
11.12
10.82
10.6
10.96
10.88
11.84
11.89
12.06
11.24
11.01
11.6
11.52
12.18
12.21
11.69
11.47
11.11
10.48
10.73
10.68
11.38
11.19
10.81
10.29
10.27
11.57
11.35
11.61
12.07
11.14
11.37
11.31
11
11.13
10.86
10.94
11.2
11.23
11.91
12.25
11.98
14.56
13.93
13.31
12.87
12.42
11.97
12.39
12.95
12.36
13.23
12.96
13.04
13.59
12.83
13.12
12.87
13.35
12.25
12.31
11.48
12.01
12.41
11.88
11.87
11.46
11.59
12.34
11.54
11.72
11.96
12.74
12.66
12.32
12.68
11.85
11.37
10.74
11.35
11.98
12.12
11.79
11.62
11.21
11.17
11.19
11.46
11.58
10.95
11.57
11.39
11.57
11.14
11.13
11.45
12.26
12.19
13
12.76
12.38
12.58
11.4
11.32
11.64
11.59
11.75
11.75
11.76
11.84
11.59
12.54
11.99
11.99
11.86
11.62
12
11.99
11.78
12.49
14.19
13.57
13.35
16.26
16.99
17.18
17.719999
18.26
17.360001
15.5
14.26
18.66
16.440001
14.52
14.32
16.65
17.34
17.799999
18.35
18.120001
20.959999
23.809999
21.459999
15.9
17.25
17.83
16.690001
15.52
15.88
15.89
15.62
16.4
15.79
13.03
13.08
13.05
14.15
13.65
13.97
14.02
13.14
14.49
17.790001
18.049999
18.639999
17.74
15.55
16.209999
17.4
14.98
14.85
14.62
14.94
14.33
14.95
15.05
14.34
14.46
14.34
15.23
15.23
15.2
14.46
14.3
14.26
13.42
12.41
12.24
11.64
12.22
12.19
12.4
12.4
12.31
12.18
12.28
12.22
12.31
11.96
12.63
13.74
13.88
13.16
12.99
11.92
11.18
11.55
11.76
11.78
11.98
11.39
12.25
12.59
12.12
11.53
11.58
11.72
11.98
12.57
12.24
11.86
11.98
11.56
11.68
11.52
11.62
11.09
10.75
11.09
11.73
11.34
10.9
10.63
11.08
10.78
10.66
10.56
10.8
11.2
11.1
11.51
11.42
11.16
11.16
11.09
10.75
11.01
10.79
10.86
10.5
10.31
10.16
10.05
9.97
9.9
10.14
10.73
12.3
11.62
10.83
10.91
11.66
11.23
11.27
11.33
12.67
12.07
10.71
10.65
10.18
9.97
10.05
10.6
10.3
10.26
10.53
11.36
11.26
10.64
10.99
11.56
12.04
11.51
12.14
12
11.91
11.47
10.87
10.15
10.74
10.59
10.85
10.4
10.77
10.34
9.89
11.22
11.13
11.45
10.96
10.42
10.31
10.08
10.55
10.65
10.32
10.44
11.1
11.61
10.34
10.23
10.22
10.02
10.24
10.2
10.18
10.58
11.15
18.309999
15.42
15.82
18.610001
19.629999
15.96
15.24
14.29
14.09
13.99
18.129999
17.27
16.43
16.790001
14.59
13.27
12.19
12.93
12.95
13.16
13.48
14.98
15.14
14.64
14.53
13.46
13.24
13.23
13.14
12.68
13.49
12.71
12.2
11.98
12.14
12.42
12.54
12.07
13.04
13.12
13.21
12.79
12.45
14.22
13.51
13.08
13.09
12.91
13.15
13.21
12.88
13.6
12.95
13.96
14.01
13.5
13.51
12.76
13.3
13.06
13.24
14.08
13.34
13.53
12.83
13.05
12.78
13.29
13.63
14.87
17.059999
14.84
14.71
16.67
14.73
13.64
13.94
13.42
12.85
14.67
14.21
15.75
16.65
18.889999
15.53
15.54
16.23
15.4
14.92
15.48
14.72
15.16
17.57
16.639999
15.54
15.15
15.59
15.63
16
15.23
16.950001
16.809999
18.549999
18.1
20.74
24.17
20.870001
23.52
23.67
21.219999
25.16
22.940001
21.559999
21.450001
26.48
28.299999
26.57
27.68
30.67
30.83
29.99
26.33
25.25
22.889999
22.620001
20.719999
22.719999
26.299999
23.809999
25.059999
23.379999
22.780001
24.58
23.99
26.23
27.379999
25.27
24.959999
24.76
24.92
26.48
20.35
20.030001
20.450001
19
19.370001
18.6
17.629999
17
18
17.84
18.49
18.799999
18.440001
16.91
17.459999
16.120001
16.67
18.879999
17.73
19.25
20.02
18.540001
18.5
22.959999
21.639999
20.41
20.799999
21.17
19.559999
19.870001
21.07
18.530001
23.209999
23.01
24.309999
21.389999
26.49
26.16
28.5
31.09
24.1
25.940001
28.059999
25.49
26.01
24.879999
26.84
25.610001
28.91
26.280001
24.110001
23.969999
22.870001
23.610001
23.790001
22.530001
20.959999
20.85
20.74
23.59
22.469999
22.559999
23.27
24.52
22.639999
21.68
20.58
18.469999
18.6
18.66
20.26
20.74
22.5
23.17
22.49
23.940001
23.790001
25.43
24.120001
23.450001
23.68
22.9
23.34
24.379999
28.459999
27.18
31.01
29.02
27.780001
29.08
27.780001
27.32
27.620001
26.200001
24.02
25.99
28.24
28.969999
27.66
28.01
27.6
26.33
24.879999
25.540001
25.02
25.59
24.4
25.120001
24.059999
23.030001
21.9
22.690001
23.530001
26.540001
26.280001
25.52
24.6
27.549999
27.49
29.379999
26.360001
27.219999
27.290001
31.16
32.240002
25.790001
29.84
26.620001
25.73
25.719999
26.08
25.879999
25.709999
25.610001
22.68
23.43
23.209999
22.450001
22.42
22.360001
22.809999
21.98
23.459999
23.82
22.780001
20.530001
20.370001
20.129999
20.5
20.870001
20.26
20.059999
19.59
19.639999
20.24
20.790001
18.879999
18.18
18.9
18.209999
19.73
19.4
19.41
17.790001
17.98
17.66
16.299999
16.469999
17.01
17.58
18.59
18.049999
19.549999
19.639999
19.07
18.139999
17.83
19.83
20.24
20.799999
18.629999
23.559999
23.120001
23.18
24.120001
23.33
21.219999
20.950001
21.129999
22.24
21.58
22.870001
22.639999
22.42
21.139999
23.93
23.440001
23.950001
23.65
25.92
24.780001
25.780001
23.15
25.23
25.59
27.49
28.48
28.540001
25.1
25.01
24.049999
23.049999
21.18
21.309999
23.440001
22.91
24.23
22.030001
21.209999
22.940001
22.57
23.49
21.139999
20.23
21.15
20.66
20.120001
21.17
21.549999
20.34
19.58
20.98
21.280001
20.42
19.82
18.809999
20.969999
20.49
19.76
19.43
20.65
21.99
21.43
24.030001
23.059999
22.639999
25.469999
24.52
24.389999
25.66
31.700001
30.299999
36.220001
33.099998
32.07
33.849998
35.720001
35.189999
32.82
34.740002
46.720001
39.389999
39.810001
45.259998
45.139999
52.049999
53.68
57.529999
63.919998
69.949997
54.990002
55.130001
69.25
67.610001
70.330002
52.970001
53.110001
69.650002
67.800003
79.129997
80.059998
66.959999
69.959999
62.900002
59.889999
53.68
47.73
54.560001
63.68
56.099998
59.98
61.439999
66.459999
59.830002
66.309998
69.150002
67.639999
74.260002
80.860001
72.669998
64.699997
60.900002
54.919998
55.279999
68.510002
62.98
60.720001
63.639999
59.93
58.490002
58.91
55.73
55.779999
54.279999
56.759998
52.369999
49.84
47.34
44.93
44.560001
45.02
44.209999
43.380001
43.900002
41.630001
40
39.189999
39.080002
38.560001
43.389999
42.560001
42.82
45.84
43.27
49.139999
51
46.110001
56.650002
46.419998
47.290001
47.27
45.689999
42.25
39.66
42.630001
44.84
45.52
43.060001
43.849998
43.73
43.369999
43.639999
46.669998
44.529999
41.25
42.93
48.66
48.459999
47.080002
49.299999
52.619999
45.490002
44.669998
44.66
46.349998
52.650002
50.93
47.560001
50.169998
49.330002
49.68
44.369999
43.610001
41.18
42.360001
43.740002
40.799999
40.060001
43.68
45.889999
43.23
42.93
42.25
40.360001
41.040001
45.540001
44.139999
42.279999
42.040001
39.700001
40.93
40.389999
38.849998
36.529999
37.810001
37.669998
36.169998
35.790001
33.939999
39.18
37.139999
38.099998
37.150002
36.82
38.32
37.950001
36.080002
36.5
35.299999
34.529999
33.360001
32.450001
33.439999
32.049999
32.869999
31.799999
33.650002
31.370001
33.119999
30.24
28.799999
29.030001
31.35
32.630001
30.620001
32.360001
31.67
28.92
30.040001
29.629999
31.02
30.18
29.620001
29.77
28.27
28.459999
28.110001
28.15
30.809999
32.68
31.540001
30.030001
27.99
31.17
30.58
29.049999
26.360001
25.93
25.35
26.35
26.219999
27.950001
29
30.85
31.299999
29.780001
29.02
26.309999
25.02
25.889999
25.42
24.34
24.4
23.870001
23.469999
23.43
23.09
24.280001
25.01
25.610001
25.4
25.92
25.559999
24.889999
24.9
25.67
24.76
24.99
25.99
25.450001
24.709999
24.27
27.889999
26.18
26.26
25.09
25.01
25.139999
24.92
24.950001
24.68
24.76
26.01
29.15
28.9
27.1
25.26
25.620001
24.32
23.549999
24.15
23.860001
23.42
23.690001
23.65
23.92
24.059999
23.08
23.49
24.950001
25.610001
24.879999
25.190001
25.610001
28.27
28.68
26.84
25.700001
24.68
24.18
23.120001
23.01
22.99
22.860001
21.719999
21.43
21.49
20.9
22.219999
20.690001
22.27
24.309999
24.83
27.91
24.76
30.690001
29.780001
28.809999
27.719999
25.43
24.190001
23.15
22.84
23.040001
24.24
23.360001
22.889999
22.41
21.629999
22.629999
22.190001
21.16
20.469999
20.48
24.74
24.51
21.92
21.120001
22.459999
21.25
22.1
23.690001
22.66
22.32
21.59
21.15
21.49
20.540001
22.51
21.68
20.49
19.540001
19.709999
19.469999
19.93
20.01
19.959999
21.68
20.040001
19.35
19.16
19.059999
18.129999
17.549999
18.25
17.85
17.629999
17.91
17.58
18.68
22.27
27.309999
25.41
24.549999
23.139999
23.73
24.620001
22.59
21.48
21.6
26.08
26.110001
26.51
26
25.4
23.959999
22.73
22.25
21.719999
20.629999
20.02
19.940001
21.370001
20.27
20.1
19.5
19.26
19.059999
18.83
18.719999
17.42
17.790001
17.92
18.57
18.059999
17.58
18
17.690001
16.91
16.620001
16.969999
16.870001
16.35
17.549999
18.4
17.77
17.59
17.129999
17.59
17.469999
17.02
16.23
16.620001
16.48
16.139999
15.58
16.200001
15.59
15.89
18.360001
17.34
15.73
16.32
16.469999
16.620001
17.469999
22.809999
21.08
18.440001
22.049999
20.190001
23.84
24.91
32.799999
40.950001
28.84
28.32
25.52
26.68
31.24
30.84
33.549999
35.32
45.790001
40.099998
38.32
34.610001
35.02
29.68
32.07
35.540001
30.17
29.459999
35.48
36.57
33.700001
33.73
30.57
28.790001
28.58
25.870001
25.92
25.049999
23.950001
24.879999
27.049999
26.91
29.74
28.530001
29
34.130001
34.540001
32.860001
30.120001
29.65
26.84
25.709999
24.98
24.43
24.559999
24.889999
25.139999
26.25
25.969999
23.93
25.639999
24.629999
23.469999
22.73
23.190001
24.25
24.129999
23.5
22.01
22.629999
22.209999
22.1
21.74
22.139999
22.370001
25.389999
25.73
26.24
26.1
24.33
24.59
26.440001
25.49
25.66
27.459999
26.700001
27.370001
24.450001
27.209999
26.049999
23.889999
23.190001
21.309999
23.799999
23.25
22.809999
21.99
21.209999
21.559999
22.1
21.719999
22.01
21.5
22.35
22.51
23.870001
21.709999
22.540001
22.6
23.25
23.700001
22.5
23.530001
21.76
21.49
21.559999
20.709999
18.959999
18.93
19.07
19.879999
19.030001
19.09
20.629999
19.790001
19.27
18.780001
19.85
20.219999
20.709999
20.879999
21.200001
21.83
21.57
19.559999
18.52
18.26
18.290001
19.08
18.469999
18.639999
20.610001
20.200001
22.58
21.76
18.75
18.040001
18.370001
20.629999
19.559999
22.219999
21.530001
23.540001
21.360001
19.389999
18.01
18.02
17.99
17.74
17.25
17.610001
17.549999
17.610001
17.940001
17.389999
16.110001
16.41
16.49
15.45
16.469999
17.67
17.52
17.280001
17.52
17.75
17.610001
17.379999
17.02
17.4
17.139999
17.540001
16.889999
16.24
16.389999
15.46
15.87
17.309999
17.99
18.469999
17.65
17.59
16.639999
16.15
20.040001
19.530001
17.629999
17.299999
16.690001
15.93
16.280001
15.81
15.87
16.09
15.69
15.95
16.370001
16.719999
16.59
16.43
20.799999
22.129999
21.32
19.219999
18.35
21.01
20.700001
18.6
19.059999
20.66
19.82
20.219999
21.879999
20.08
21.129999
24.32
29.4
26.370001
24.440001
20.610001
20.209999
19.17
18
17.91
19.440001
18.16
17.709999
17.74
17.4
17.5
17.25
16.9
17.110001
17.870001
16.59
17.09
16.92
16.27
15.32
16.959999
15.83
15.07
14.69
15.77
15.62
15.35
14.62
14.75
15.99
16.700001
17.08
18.200001
18.4
17.16
15.91
16.950001
16.030001
17.07
18.24
17.549999
16.23
15.52
17.43
18.27
17.82
17.07
16.09
15.98
15.45
18.299999
18.09
17.950001
18.49
18.07
18.790001
17.77
18.860001
19.610001
18.26
21.32
22.73
21.85
19.99
18.860001
18.52
19.290001
21.1
20.559999
19.17
17.27
16.52
15.87
16.059999
16.34
15.95
15.95
18.389999
19.870001
19.91
20.799999
19.530001
20.950001
19.209999
19.09
17.559999
17.52
19.35
20.23
22.98
23.74
25.25
23.66
24.790001
23.379999
31.66
32
48
35.060001
42.990002
39
36.360001
31.870001
32.849998
31.58
42.669998
43.049999
42.439999
36.27
35.900002
39.759998
35.59
32.279999
32.889999
31.620001
31.82
33.919998
37
33.380001
34.32
38.52
38.59
36.91
34.599998
31.969999
30.98
32.73
32.860001
37.32
41.349998
41.25
39.02
37.709999
41.080002
38.84
42.959999
45.450001
40.82
37.810001
36.27
36.200001
33.02
32.860001
31.26
30.700001
28.24
33.389999
31.559999
34.439999
34.779999
31.32
29.26
32.220001
29.860001
25.459999
24.530001
29.959999
34.77
32.740002
30.5
30.16
29.85
27.48
36.16
32.810001
30.040001
31.129999
31.219999
33.509998
34.509998
32
32.91
31.969999
33.98
34.470001
32.130001
30.639999
27.799999
27.41
27.52
27.84
28.129999
28.67
30.59
26.379999
25.67
25.41
26.040001
25.110001
24.290001
24.92
23.219999
21.43
21.16
20.73
21.91
23.52
22.65
23.4
22.969999
22.219999
21.48
20.629999
21.07
20.690001
21.049999
20.469999
20.91
22.200001
20.889999
19.870001
18.280001
18.67
18.91
18.309999
18.57
18.530001
19.4
19.440001
18.549999
17.98
17.1
17.76
17.65
18.16
18.629999
20.790001
19.040001
19.540001
21.139999
19.219999
17.780001
18.190001
18.190001
16.799999
17.309999
18.190001
17.959999
18.43
17.26
17.290001
18.049999
20.870001
19.07
17.950001
17.110001
15.64
14.8
15.31
15.42
14.47
15.04
15.58
15.13
15.57
14.82
14.26
15.59
15.47
15.48
15.5
15.64
15.66
16.440001
16.700001
18.809999
20.389999
20.02
17.200001
19.549999
19.549999
18.459999
18.639999
18.360001
17.440001
18.969999
18.1
16.82
16.24
16.32
17.15
16.6
16.879999
17.559999
19.16
18.940001
19.049999
20.08
18.83
19.889999
21.870001
21.969999
22.27
24.49
25.1
22.01
22.48
22.33
21.540001
21.76
21.030001
24.139999
24.059999
26.66
26.120001
24.68
22.16
21.719999
21.23
23.559999
22.09
24.27
21.68
21.110001
18.32
18.379999
17.24
20.08
18.110001
20.379999
19.719999
19.450001
19.709999
17.08
16.799999
16.66
17.5
17.1
17.98
18.719999
17.950001
18.33
16.74
17.110001
16.48
16.16
15.45
16.27
18.620001
20.469999
19.34
17.530001
16.700001
18.030001
18.93
18.959999
17.57
15.64
15.95
15.99
15.32
15.28
14.74
13.7
14.85
14.63
14.29
13.45
14.02
15.02
15.11
15.96
15.18
16.35
16.49
17.059999
17.83
17.469999
17.98
17.74
15.6
14.38
16.280001
16.41
15.8
14.05
14.51
14.59
14.18
13.88
14.07
13.98
14.15
15.43
16.809999
14.84
15.73
16.32
15.71
15.43
14.55
14.33
15.11
16.370001
16.290001
15.59
16.139999
15.27
15.22
15.07
15.03
17.059999
16.620001
18.83
18.33
18.120001
17.809999
18.6
16.690001
17.59
18.42
17.58
19.08
18.49
18.610001
16.68
16.65
17.92
17.99
16.41
15.24
15.08
15.31
15.14
15.5
15.92
15.51
15.06
15.87
16.639999
17.120001
16.459999
16.58
15.9
16.049999
15.57
15.95
16.559999
17
16.34
15.57
17.360001
17.67
17.84
17.84
19.48
19.469999
22.719999
18.02
14.68
14.56
13.83
13.79
13.62
13.81
13.49
13.36
13.52
13.55
13.42
13.57
12.46
12.43
12.46
12.69
12.89
13.57
13.31
14.32
14.28
12.9
14.67
13.72
13.41
13.5
13.02
12.94
12.64
12.98
12.66
12.46
12.31
14.68
15.22
14.17
18.99
16.870001
14.73
15.51
15.36
14.01
13.48
13.53
13.06
12.59
11.56
12.27
11.83
11.3
11.3
13.36
14.39
12.67
13.99
13.57
13.74
12.77
13.15
12.7
13.58
12.78
14.21
13.89
13.92
13.19
12.84
12.36
12.24
12.06
17.27
13.96
16.51
17.559999
14.97
14.39
13.48
13.61
13.62
13.61
13.71
13.52
14.49
13.59
12.85
12.66
12.83
12.66
13.13
12.59
12.55
12.77
12.81
13.07
12.45
13.02
13.37
13.82
14.07
13.99
14.48
14.83
14.53
16.299999
16.280001
16.27
17.5
16.629999
15.14
15.44
17.07
18.59
16.41
17.15
16.799999
16.610001
16.639999
20.49
18.9
20.110001
18.469999
17.209999
16.860001
16.860001
16.370001
16.440001
16.200001
14.89
14.78
14.35
14.21
14.01
13.84
13.79
14.42
13.78
13.77
12.54
12.29
12.66
13.18
12.97
12.72
13.39
13.39
13.45
12.94
11.98
11.84
12.72
12.98
12.73
13.41
12.81
12.31
13.04
14.73
14.37
15.1
14.91
15.94
14.76
13.98
14.99
16.77
16.49
16.809999
17.01
16.610001
15.88
15.77
15.85
15.63
14.53
13.82
14.29
14.16
14.38
14.53
13.59
13.16
13.12
14.31
14.08
14.01
14.06
15.46
16.6
15.54
16.6
17.67
16.74
19.41
20.34
19.6
16.48
15.72
16.07
18.66
14.71
13.48
13.04
13.16
13.33
13.42
13.2
13.09
13.31
13.41
13.65
13.75
13.28
12.93
13.27
12.67
13.91
12.9
12.53
12.82
12.52
12.37
12.19
13.1
13.39
13.4
12.66
12.26
12.79
12.81
12.98
13.7
14.23
14.55
14.7
15.08
13.79
13.49
13.91
15.42
15.54
15.76
16.030001
16.209999
13.8
14.15
13.79
13.04
12.48
12.33
12.46
13.56
13.72
14.23
13.76
13.55
12.92
12.87
12.89
12.14
13.28
12.28
12.28
12.53
12.44
12.87
12.84
13.77
18.139999
17.42
15.8
17.35
17.290001
18.41
21.440001
19.110001
19.950001
17.23
15.29
15.26
14.51
14.3
14.14
13.57
13.87
15.5
14.79
14.68
14.23
13.67
14.35
14.04
14
16
14.1
13.89
14.21
14.11
14.2
14.8
14.47
16.219999
17.82
15.64
14.52
15.12
14.52
15
15.09
14.02
14.93
14.62
14.41
13.88
13.1
13.09
13.37
13.96
15.57
14.89
13.82
15.89
17.030001
16.110001
15.61
14.18
13.36
13.25
13.19
13.27
13.32
14.06
13.97
13.71
13.41
13.25
12.91
13.29
13.8
13.4
13.43
12.92
12.23
12.13
12.17
13.17
12.44
12.42
12.96
11.91
12.03
11.36
11.51
11.68
11.57
11.4
11.58
11.87
12.08
11.68
10.73
11.15
10.99
11.6
12.56
12.18
12.65
12.06
10.61
10.62
10.85
10.98
12.13
11.59
11.63
11.26
11.57
11.15
10.82
10.32
11.33
11.98
11.65
12.59
12.08
11.82
11.96
11
14.54
12.06
12.81
12.24
11.52
11.84
12.69
12.56
13.28
13.33
16.950001
17.030001
15.12
16.870001
16.370001
16.66
15.77
14.23
14.13
12.9
12.42
13.15
12.32
12.21
11.78
11.76
11.47
11.7
11.63
11.78
12.05
12.09
12.25
12.36
12.64
12.09
12.66
13.5
12.88
12.8
13.31
14.12
12.73
12.65
12.03
12.11
13.69
14.93
13.27
15.64
14.85
15.98
16.309999
16.709999
16.16
14.55
15.46
17.200001
15.11
18.76
21.24
24.639999
22.790001
25.27
25.200001
21.99
18.57
16.08
17.870001
16.530001
16.110001
16.040001
14.39
15.15
14.52
14.03
14.73
14.89
14.17
13.67
13.12
12.67
12.92
13.02
13.79
13.31
13.99
13.86
13.96
13.58
12.9
12.62
12.25
12.07
13.33
14.16
12.85
12.5
12.38
11.89
14.21
15.35
18.530001
20.08
21.08
20.42
23.57
19.440001
16.809999
16.49
15.25
14.8
14.37
14.5
15.06
15.92
19.200001
17.790001
19.92
21.120001
19.309999
17.01
17.549999
19.6
20.559999
21.48
22.389999
20.950001
19.889999
18.85
16.4
16.66
15.52
17.219999
20.440001
18.76
20.969999
19.43
17.33
18.33
16.85
17.290001
18.549999
17.23
16.959999
15.34
14.69
15.8
15.45
15.29
14.3
14.56
13.69
13.84
13.91
13.34
13.04
13.86
14.23
14.04
15.2
15.06
16.690001
16.870001
15.42
16
15.61
15.66
13.97
14.07
13.02
13.41
13.62
15.44
15.8
15.07
14.51
15.29
15.11
14.67
14.74
14.78
13.98
13.09
12.58
13.94
13.67
12.84
12.6
13.89
13.3
13.25
12.71
12.48
12.29
13.12
12.41
13.39
14.55
12.7
12.85
14.31
15.15
15.13
12.86
13.85
13.86
13.76
12.74
12.38
12.73
12.85
12.88
12.11
12.13
14.06
13.27
13.31
13.84
13.97
14.24
13.66
14.71
14.21
15.29
14.47
13.22
12.85
13.78
15.39
14.81
14.5
13.19
13.96
12.74
12.11
13.26
14.01
14.02
18.85
18.23
16.09
16.790001
17.01
16.09
19.66
19.969999
16.83
13.9
13.37
13.23
12.11
11.95
12.25
12.22
12.12
12.64
13.74
15.6
13.44
12.5
12.13
12.12
12.56
13
12.51
13.77
13.39
12.23
13.71
13.61
13.49
12.83
13.02
13.79
15.25
19.139999
28.030001
40.740002
36.02
30.32
26.1
26.049999
28.43
31.4
26.09
25.610001
27.799999
24.9
26.23
24.370001
23.200001
24.25
22.540001
21.35
21.139999
22.280001
20.139999
22.440001
22.129999
23.469999
23.620001
27.629999
26.83
24.5
22.549999
20.940001
19.540001
19.4
18.4
17.42
17.08
16.17
17.67
18.030001
16.049999
15.05
14.98
15.75
16.700001
14.45
14.46
15.29
15.43
14.33
14.61
15.07
14.15
14.54
15.51
15.05
14.33
16.52
15.29
16.059999
18.370001
20.08
18.16
18.84
16.85
16.99
15.47
15.62
15.93
15.19
15.12
16.129999
14.67
15.91
18.110001
14.81
15.84
17.6
19.610001
19.34
24.389999
22.73
20.950001
17.860001
18.940001
20.700001
18.700001
16.6
15.57
15.74
16.91
16.08
17.290001
18.209999
20.700001
19.34
20.59
24.99
27.01
24.299999
22.469999
25.219999
23.950001
27.02
26.049999
27.59
26.690001
22.34
24.15
22.5
23.110001
22.42
20.200001
19.98
21.98
21.65
21.84
23.379999
26
26.540001
26.290001
28.139999
25.4
24.110001
22.309999
21.639999
20.530001
19.379999
20.98
20.719999
19.110001
19.809999
20.549999
17.700001
17.09
16.700001
16.860001
17.35
18.67
18.34
18.049999
16.5
16.92
16.84
14.99
14.44
14.02
13.79
14.17
14.94
14.74
15.24
13.82
13.56
13.95
13.1
14.12
15.42
14.09
16.16
15.36
16.26
14.85
13.84
13.72
13.62
13.35
13.24
13.28
13.95
13.22
14.08
13.96
13.77
15.22
15.7
14.68
15.6
16.049999
15.91
14.72
14.57
13.63
14.69
14.41
15.04
14.68
15.57
15.95
16.33
15.2
15.82
14.42
13.9
13.43
13.12
14.19
14.2
13.63
13.47
13.65
14.05
14.08
14.64
17.030001
20.969999
20.5
20.139999
19.370001
19.41
18.370001
18.48
21.17
17.25
25.76
23.85
18.75
16.639999
15.63
14.77
15.58
14.96
14.76
13.2
13.54
13.55
13.04
12.82
12.67
12.44
11.97
11.77
12.74
12.02
12.87
13.05
12.83
12.72
11.87
12.44
13.37
12.86
12.42
11.39
11.5
11.66
12.05
11.68
11.55
11.81
12.64
12.19
11.43
11.34
12.27
12.38
13.45
13.63
13.65
12.94
13.12
13.42
13.48
11.98
12.02
11.94
12.51
17.5
15.16
17.85
18.139999
16.299999
15.37
15.53
15.92
13.3
12.02
12.29
14.5
13.1
12.39
14.02
13.29
13.57
13.63
12.99
12.84
13.48
13.38
15.36
15.91
16.690001
16.120001
16.209999
15.28
14.41
13.75
13.34
13.02
13.46
14.24
15.36
16.190001
17.059999
18.559999
19.32
22.08
22.51
18.709999
18.74
14.38
14.74
14.17
14.48
13.37
13.72
13.35
12.85
12.42
12.41
12.43
12.34
13.15
12.9
13.33
14.07
14.12
12.14
11.79
12.22
12.64
11.75
12.64
12.72
13.19
12.79
12.2
11.71
11.45
11.27
11.43
11.44
11.99
12.95
13.37
14.04
12.85
11.85
11.67
11.32
11.56
11.49
11.26
11.54
11.23
11.87
12.48
12.78
11.54
11.77
11.07
10.81
10.63
10.58
11.88
11.99
11.81
11.93
10.97
11.37
11.29
11.45
10.88
10.85
11.07
10.74
11.97
11.76
11.49
11.57
11.74
11.71
11.47
12.09
12.92
12.54
11.81
10.96
11.24
11.45
11.86
12.3
11.66
11.35
12.3
11.63
11.21
11.28
11.34
12.47
12.81
13.12
12.96
12.5
11.53
11.42
11.54
12.37
12.38
11.79
12.89
12.39
12.87
14.05
15.07
15.77
15.96
14.66
14.42
14.93
14.15
14.63
10.84
10.76
10.85
10.36
10.82
10.11
10.59
10.68
10.46
10.57
9.77
9.96
10.21
10.6
10.4
10.42
10.65
15.59
14.66
12.04
10.93
10.72
10.02
9.99
9.81
10.38
10.41
9.89
9.75
10.07
10.45
10.39
10.16
10.7
11.46
10.42
10.64
10.9
10.38
10.37
10.86
10.75
10.48
10.02
9.9
11.06
10.03
11.44
11.18
11.22
11.07
12.54
11.19
11.11
10.89
10.3
9.9
9.51
9.82
9.89
9.79
9.58
9.36
9.43
9.43
9.6
10.11
10.29
10.26
10.09
10.28
10.44
10.03
9.93
10.96
11.11
16.040001
15.51
12.33
12.04
11.74
15.55
14.26
13.19
11.35
12.25
12.23
11.28
11.32
11.7
11.22
10.59
10.13
12.23
11.63
11.55
12.12
10.73
10.58
10.5
10.44
10.17
10.15
10.18
9.78
9.67
9.59
10.21
10.17
9.87
9.55
9.51
9.45
9.51
9.63
9.19
9.65
10.33
10.08
9.85
9.91
9.61
9.91
10.31
10.07
10.05
9.97
11.07
11.16
11.23
11.3
9.8
10.5
10.18
10.2
9.93
9.14
9.4
9.89
9.78
10.5
11.29
11.5
11.59
13.13
11.76
11.43
10.65
9.73
9.88
9.67
9.87
10.03
10.7
11.28
11.43
11.68
11.33
11.02
10.16
9.58
9.34
9.92
10.18
10.49
9.42
9.53
10.03
9.72
9.62
9.9
10.25
10.47
10.18
11.04
9.77
9.15
9.22
9.22
9.52
10.08
9.82
9.88
10.16
11.66
11.91
12.22
11.27
11.03
11.1
11.47
11.58
11.08
13.84
14.79
13.54
13.47
17.309999
37.32
29.98
27.73
33.459999
29.059999
25.610001
24.969999
19.26
19.129999
19.459999
20.6
20.02
18.719999
16.49
15.8
18.59
19.85
22.469999
19.59
18.73
18.360001
17.76
16.540001
14.64
15.78
16.35
17.23
16.59
15.8
19.02
18.200001
17.860001
23.34
24.870001
21.030001
22.5
22.870001
19.969999
23.620001
21.1
20.059999
18.940001
21.49
21.77
20.469999
20.24
18.49
17.41
16.559999
15.25
15.6
15.96
16.879999
16.34
18.02
17.84
16.24
15.41
15.93
15.49
15.97
15.9
14.77
14.75
14.71
13.42
13.23
12.65
12.93
14.63
13.42
13.43
13.42
13.08
13.22
12.58
12.53
13.22
17.02
14.94
15.43
13.46
12.74
12.4
11.64
12.13
12.18
12.35
12.34
12.94
12.12
11.98
12.31
13.35
12.79
14.64
13.77
17.33
15.92
17.91
16.85
16.09
15.6
16.139999
14.97
13.37
12.69
12.64
13.63
12.58
12.18
12.83
12.06
12.1
12.87
12.86
12.62
12.41
12.29
12.14
13.03
14.26
12.83
13.15
12.19
11.64
11.27
10.93
10.85
11.27
13.16
14.78
13.31
14.64
13.45
12.64
12.49
12.86
12.25
12.41
11.99
12.16
12.5
12.25
13.53
12.86
13.16
13.91
14.65
14.88
14.16
13.22
13.14
12.37
12.07
13.68
12.79
11.75
11.8
11.68
12.2
12.42
12.89
12.41
12.12
12
12.05
11.61
14.22
14.82
15.69
15.95
22.959999
24.98
21.309999
21.299999
17.620001
17.4
20.059999
19.889999
19.639999
20.709999
25.23
24.219999
24.16
24.700001
23.35
21.23
19.34
19.51
19.959999
19.91
16.360001
16.719999
17.360001
20.450001
20.02
21.25
19.98
18.139999
20.1
22.48
20.799999
21.52
18.9
19.02
18.49
18.790001
18.07
16.440001
20.74
21.190001
23.23
22.639999
21.76
21.459999
20.65
21.629999
24.52
25.58
25.58
28.379999
30.110001
36.07
30.41
29.959999
28.34
25.42
23.219999
25.450001
21.379999
21.4
20.469999
19.98
19.5
18.190001
19.07
18.6
19.040001
18.059999
17.799999
20.799999
19.52
18.889999
17.42
18.870001
19.129999
17.66
16.57
16.139999
15.73
15.57
15.38
16.370001
15.72
15.97
15.43
15.65
16.219999
14.91
14.88
14.02
14.46
13.51
14.85
15.17
14.7
14.78
13.57
14.63
14.74
15.74
16.59
16.049999
14.33
13.77
13.41
13.5
12.88
13.1
13.56
13.91
13.63
16.48
16.33
14.68
15.15
14.43
13.71
13.4
13.36
13.74
13.58
12.82
13.18
14.28
13.3
13.02
12.01
12.32
12.18
12.6
12.09
12.42
12.28
13.14
13.25
12.73
13.11
13.12
14.8
14.42
12.87
15.44
19.32
19.4
19.1
16.040001
20.549999
18.059999
16.440001
15.29
15.96
16.309999
14.95
14.75
16.92
15.85
17.5
17.9
17.299999
18.709999
18.860001
16.969999
16.09
15.93
16.299999
15.94
15.99
15.91
15.82
15.28
15.35
15.15
14.33
14.75
15.4
15.26
16.280001
16.209999
15.82
15.08
14.06
12.93
12.57
13.28
13.96
14.09
13.03
12.93
12.39
12.68
12.86
13.97
13.53
14.45
13.53
12.61
12.07
12.74
12.16
12.83
13.94
16.120001
17.870001
17.610001
24.59
20.17
19.49
16.91
17.969999
21.09
17.52
22.1
21.18
18.469999
16.879999
17.5
15.8
16.68
19.870001
19.32
20.309999
19.35
17.879999
18.98
19.66
17.33
16.27
15
15.27
15.2
14.61
14.22
13.74
14.67
14.44
13.95
14.05
15.32
14.91
17.049999
15.96
16.07
17.219999
16.24
18.559999
20.559999
19.120001
17.040001
17.860001
20.280001
18.639999
17.57
15.58
14.57
13.54
13.68
13.79
14.25
14
14.46
14.01
13.71
12.65
13.11
13.2
12.33
13.22
12.3
12.83
13.1
12.62
12.73
12.07
12.69
12.68
13
13.05
12.05
12.46
12.86
12.78
13.13
12.34
11.87
11.54
11.75
12.62
14.91
15.96
14.8
14.52
13.62
15.86
15.68
14.99
13.94
12.63
12.14
12.29
12.58
12.5
12.51
12.61
12.67
12.65
13.43
14.82
13.78
12.47
14.02
13.85
13.79
13.45
12.54
12.56
12.32
12.39
12.42
12.32
12.1
12.85
12.91
12.98
14.56
18.23
16.280001
16.389999
15.49
18.84
17.969999
16.049999
15.15
14.96
15.47
15.04
15.18
13.74
14.15
13.68
14.83
14.38
15.56
17.08
25.030001
27.85
27.559999
39.16
40.110001
33.419998
36.82
31.99
39.619999
41.939999
54.459999
47.299999
53.900002
75.470001
57.830002
82.690002
75.910004
76.449997
72
66.040001
61.59
61.669998
63.950001
61
65.540001
57.080002
53.540001
57.060001
50.91
46.799999
45.240002
46.700001
43.349998
41.669998
41.169998
37.759998
40.84
40.110001
38.150002
43.830002
45.41
41.98
41.380001
35.93
33.290001
33.57
31.23
34.150002
37.189999
35.970001
33.610001
34.119999
31.440001
27.98
27.57
33.040001
35.279999
32.610001
31.889999
29.299999
30.530001
27.99
29.530001
28.16
28.01
27.620001
28.59
27.51
28.23
26.84
25.66
25.809999
24.52
25.809999
27.57
27.57
40.790001
36.09
34.400002
33.669998
33.470001
32.939999
35.119999
31.77
31.370001